,1035,1072,1133,1163,1167,1244,1314,1343,1347,1351,1365,1368,1380,1386,1431,1441,1457,1466,1488,1493,1496,1512,1552,1560,1574,1585,1607,1608,1630,1639,1650,1655,1661,1667,1730,1758,1774,1799,1806,1818,1822,1825,1864,1871,1876,1913,1972,1973,2024,2028,2074,2088,2104,2108,2118,2137,3003,3011,3012,3021,3022,3024,3031,3036,3040,3046,3048,3049,3052,3053,3059,3060,3063,3068,3073,3080,3086,3087,3090,3128,3162,3173,3191,3201,3213,3217,3222,8223,8288,8876
1035,0.0,0.34757143794950784,0.656836580250674,0.30998692888169865,0.24498044838120173,0.4454258234662073,0.458007911789744,0.595984383849993,0.3579897817405401,0.48368268338628084,0.27031141670328673,0.2950226099477144,0.5747466082018025,0.20778006032561447,0.33919895163231745,0.3189584083202056,0.28126849446727686,0.2932500840913559,0.3534640266567467,0.3490353289502881,0.22050447357876896,0.830450304667712,0.331405018091533,0.6635531734011532,0.6538381219786169,0.6771141804317568,0.20236465423104277,0.5930959403283185,0.23890456804225296,0.5170508185448227,0.6580845712540002,0.5233127800061986,0.1877645254003505,0.334258741164398,0.4325183455108901,0.30865474930729153,0.5079290563666116,0.2774955756362898,0.3033992034655873,0.38029831805661624,0.3369499998343276,0.23472546296936297,0.2318593746850473,0.7011914578668514,0.4711785874046691,0.6443733627644127,0.30358412939129925,0.3092277069682976,0.27734122610699435,0.5018464860196928,0.34104307404750334,0.5064097823145773,0.41906964393271984,0.47894173154433306,0.2455237470629964,0.6897672289923733,0.2793427022162772,0.42705421625160217,0.44798743322183393,0.6174405355320172,0.5645552023154938,0.752135583706592,0.38853885918431763,0.2246008464554681,0.2284931920143106,0.40281798273872493,0.644147341184494,0.19181513258796812,0.5135077767118961,0.44122198057554185,0.7274656891258826,0.350003380657933,0.3023674665606837,0.1332906175920709,0.6358978836454441,0.4051409227118953,0.30486851937559734,0.3273506020072263,0.42184667969019307,0.6203444062072059,0.27506135793613323,0.4550086669871737,0.248451915652821,0.6900579017785569,0.6694289160857091,0.6627552625879133,0.3791980104907351,0.5900049592572938,0.27140114344157984,0.5269656999666883
1072,0.34757143794950784,0.0,0.5715756353295935,0.34481734400350783,0.32971405499031964,0.22247103285264427,0.4489754338540708,0.378666079206848,0.4497352652201221,0.5835640411411263,0.3921169576899418,0.3543643634078984,0.5771837672103777,0.40927011468737784,0.5033339824090055,0.30061959052759457,0.4684931427054275,0.4838628959444977,0.16691253854401694,0.5210178954204318,0.4161163811511238,0.7586983043251316,0.4669443565053406,0.5271202924403645,0.6381484798094741,0.6977817659693137,0.272289420251803,0.5718730840215771,0.29932368968397793,0.4899318560951409,0.547247375572589,0.41178590140934923,0.3468017670997021,0.4788794679918639,0.256630532424443,0.36732024059448587,0.5879826637581353,0.44738003881004706,0.18322607542205765,0.3946825975198781,0.1791033868803178,0.4252919757155941,0.31190914292575433,0.7171871927089013,0.4309770207647452,0.512139995014921,0.4996205169095577,0.4425326006312448,0.39586670584452155,0.3821596658330777,0.23402339803691521,0.3947511221482627,0.4714334978760274,0.5281180160222492,0.44608536195505355,0.41253261541232,0.17357647041287122,0.3575639983768284,0.3980928093321092,0.5931298527302584,0.5456393230043588,0.7632331784867628,0.37499850523760603,0.3890668222020399,0.295241157920333,0.5288201449960862,0.7041570791197418,0.3360732340047798,0.47452998791193596,0.4874568768750846,0.5320834617626177,0.39533446233468267,0.31325219858688935,0.37271034861547403,0.6736351548657513,0.5386743423576599,0.26449678543725147,0.4050258040714252,0.3838832246784646,0.4978187383840854,0.42739010611530476,0.20962851664166182,0.2591985631301298,0.6695208344136564,0.6200243043760635,0.5400539808744425,0.22068623208747504,0.30635455612361495,0.37154355754624985,0.30189969030409713
1133,0.656836580250674,0.5715756353295935,0.0,0.6197777158886907,0.5899905681843904,0.592246783262466,0.6183258716898958,0.4591978641044199,0.5570279202927759,0.5837433794387001,0.522182235352471,0.6560259936129751,0.5203449265689987,0.6821973256197496,0.4868666657692435,0.5319244612480026,0.6501693688106909,0.6776009974525403,0.595058585997953,0.6549554801278511,0.5965363779968461,0.6077795501804222,0.5738057174409483,0.7576779887997367,0.6537045923735135,0.6740840910100725,0.5671445544746867,0.562724824245562,0.5923340440562304,0.6579018393119518,0.6963004080400264,0.543540236294896,0.6176017908468183,0.7042291843106443,0.6050444870288231,0.5178245165363686,0.6858703713824377,0.6723014039692091,0.5686388547054596,0.44153387439861147,0.5715106922740885,0.6509873876092024,0.6601670101986893,0.7048992578470948,0.5829192513098048,0.6561271460526645,0.6915012650276546,0.7051891513841948,0.6338332179193882,0.4661738748460412,0.5340181464852423,0.4884875451183802,0.6178058254851182,0.7055050545737452,0.6666779549628818,0.6870570809071872,0.5385840196733647,0.6189947865638944,0.5486390722092294,0.6445558909280946,0.7077908185792317,0.8004089887177879,0.6168964975776653,0.6823778947014167,0.6625683667112567,0.6720570618258326,0.7090847291725595,0.6196557175288837,0.6573198747239208,0.5020247270461096,0.7208095619425687,0.6222217664350991,0.5857086837783154,0.6488100693419689,0.5700227619406888,0.6672761417018336,0.612131253022073,0.6680025687894515,0.6183097871186453,0.6894124981629617,0.6130513508455759,0.5317464317567011,0.5089643257054157,0.8130217138562533,0.6481449287374792,0.6712806627119282,0.6046968722235337,0.5792353623307851,0.6507442458380133,0.5327750809748384
1163,0.30998692888169865,0.34481734400350783,0.6197777158886907,0.0,0.2532388905668372,0.41442887292229147,0.6309609947838688,0.5574418742834226,0.4648930408683903,0.7106651730761508,0.4124334890400043,0.4501672914124303,0.6237238269939607,0.20208724912041132,0.4606075981915014,0.2508294757568176,0.25951372383723476,0.14676481903709554,0.41431667122877724,0.3750283185034491,0.2698216116468054,0.8967867806347489,0.17647333152579528,0.8018129467979666,0.8174132973956347,0.7989114637840424,0.3569808724933169,0.7000115471133845,0.3393438600549953,0.6991021113990838,0.7723747391487703,0.6302382118543346,0.2309215560174829,0.37477772809275545,0.42580533981088753,0.3989527043065596,0.7466566052729123,0.13877310304148585,0.22724644788839468,0.527053128458727,0.4122776296608864,0.2490908881787356,0.24047429475549184,0.8957458129139413,0.5896466323731121,0.7575263375549767,0.22920504251944504,0.4850958031577433,0.3596484763253083,0.4223613057943798,0.2689671241150746,0.5706688588491651,0.5839061785006844,0.6831561560146018,0.22876465054000805,0.6859620919813587,0.30059822332339514,0.5444547558714878,0.566270781301879,0.7742627894077638,0.7216009748741218,0.8847485210269843,0.5089765029373545,0.16047776117118454,0.39413878687072995,0.44095620973027405,0.8092399877184271,0.24571007812944357,0.6822035019357413,0.3479038860456616,0.7737629271135601,0.5391205677116804,0.531737747219662,0.2915108324259244,0.8111763413397979,0.46634405009887503,0.45791110435929694,0.12212969947284788,0.5570008356524245,0.6966995241383482,0.19123650110555346,0.43102918470008433,0.3191077002307438,0.8768956091226039,0.757053243006717,0.7361809201570313,0.4612653303185078,0.567365305884576,0.11327345897564992,0.49103077875923457
1167,0.24498044838120173,0.32971405499031964,0.5899905681843904,0.2532388905668372,0.0,0.4028753454436225,0.605386688551166,0.5009044036633488,0.2743272904269918,0.6207998256947372,0.24499772560117888,0.4442453826403966,0.6190989847519949,0.3647037582065856,0.3149630240374369,0.26051731888717305,0.16376146330615948,0.2666931508247114,0.3815967342092797,0.23351570622922077,0.18170627158893038,0.858918340685265,0.3133454367491335,0.7785164461322771,0.7743350039291621,0.7832706476697432,0.2833442064051084,0.6858017422684515,0.35141683070361696,0.6622552729333999,0.7495378020798701,0.6026257523371246,0.2140991969533933,0.2172626018598422,0.4208166684931538,0.39229813375918077,0.666859381642262,0.31007726737131097,0.24809324504648428,0.49928688580499525,0.371081063410393,0.15033370019732084,0.3360692881339047,0.8293050737632583,0.5797281965647618,0.7273409752440333,0.21773521399481433,0.5022402136882261,0.3756979523578179,0.4219441120409257,0.24753038272055408,0.5304729686092258,0.5671163985116079,0.6745743142494548,0.16906309177709133,0.6634659714486275,0.23280259177314072,0.5167265666078151,0.5243383361128426,0.7371506562031217,0.7039349674519575,0.8479587786579694,0.49326887491246846,0.3139273309571802,0.22673205220632087,0.3207950118667308,0.8071673593784943,0.316824911218456,0.6441250203477101,0.3774744596427789,0.7302954642464521,0.38599127956971035,0.40995609243467535,0.18023554883069381,0.7823689362884303,0.30702193752840823,0.418378695431611,0.31757712338732896,0.5545958556115755,0.6595911418300385,0.31276402191251984,0.4143672775944147,0.28988069579611875,0.8685216712854076,0.7432926461397562,0.7179740904602476,0.43319565767000234,0.5109104762171321,0.3161683265769745,0.43054364034950254
1244,0.4454258234662073,0.22247103285264427,0.592246783262466,0.41442887292229147,0.4028753454436225,0.0,0.5777233194616592,0.5044967602407873,0.4762415669188007,0.6142316351659568,0.44295433205095147,0.4522280681561849,0.6013486654016541,0.48852749370622234,0.5431558654902252,0.3543788061901756,0.5481642740992574,0.5303398253667553,0.24985591384347267,0.5627172339226312,0.46590274803699083,0.8714409254629156,0.5178520079073493,0.6274533723922529,0.756315358299356,0.7233505586347048,0.3744554309777439,0.6151983136019158,0.4349389959810581,0.6119298710382418,0.4721447270822812,0.42521663602081966,0.46045288946481544,0.5447545052061661,0.3983736816488854,0.4235104695388279,0.6779772862837328,0.5054958384880157,0.3221866951508221,0.4537015300200292,0.34728688310168665,0.472195691716192,0.4863132685560497,0.8349795947109878,0.5025963483991625,0.6414081452883879,0.5482040120403958,0.5320830033386451,0.4950579358545151,0.3943086316681856,0.2884236639029189,0.46684205200128037,0.5317063689523764,0.6459172842803289,0.49982841533979977,0.4682684727672985,0.2948102417279683,0.5134049957710595,0.5116042446803405,0.7127042046993526,0.6383555042082437,0.8006909619869893,0.4390324583888399,0.4746444707722076,0.46348071888424547,0.5326131935904759,0.7342110047008101,0.4460606564387714,0.5841325653545539,0.5070011485810333,0.6643519667758835,0.45853742510426754,0.44485962028601833,0.4726666522303834,0.710905593985351,0.5622405693085815,0.42200348740782057,0.46779596930912504,0.5151220661983429,0.35395105792860515,0.4952953350433145,0.3237763014825903,0.36771797521710403,0.7984854934622482,0.6466973405981529,0.6488201330426877,0.25343694770137515,0.23897505594713989,0.44837082212804347,0.17541989721970302
1314,0.458007911789744,0.4489754338540708,0.6183258716898958,0.6309609947838688,0.605386688551166,0.5777233194616592,0.0,0.5356704902481344,0.5944198477081359,0.2714316991591258,0.49687135664757415,0.2759282998183926,0.5168139111658409,0.5007136323206338,0.6232033657283571,0.570154199527487,0.6750047721993622,0.7144523200018849,0.4026854515077273,0.719039772191501,0.566628525199387,0.6907424174791666,0.6635449460910281,0.4148484168659297,0.6278884648695124,0.6157978071161951,0.4434351889457224,0.575754070568073,0.3958351531172092,0.25095688380929354,0.47441128603081584,0.4486856622118909,0.5505895157794928,0.6917890668755406,0.4962370960470166,0.4823076532211994,0.22103601878312443,0.6481945015815724,0.5065398187336623,0.3305897490008993,0.3900458558667401,0.659956199552753,0.4680387251149082,0.45956411549773335,0.3300826947991458,0.41376992186962974,0.7262789913296025,0.27583789794525954,0.43878249234560524,0.6204572461761291,0.5810635751928168,0.4760779523699825,0.28389992518375073,0.2984204651179793,0.6632407467210493,0.6149655775500791,0.4915595474231133,0.2987003771527335,0.25326509267192915,0.48817526839733205,0.21158295165159896,0.5391812761864363,0.2952758808797154,0.5649045137995953,0.49420646620823194,0.6759252513534547,0.3539319565624996,0.4673002733890639,0.22059011828716396,0.644141814247589,0.6131626562272039,0.49482823265631865,0.3418153872150702,0.5215758926465385,0.5598609681698266,0.6357874386954312,0.357217693824802,0.6461151593396526,0.2989408450947475,0.6498513623466212,0.5883595704779465,0.511731212401812,0.4551379816984579,0.3379486138702165,0.4293223808106683,0.39549232703833404,0.3860703026321662,0.5797790027041837,0.5833215360047885,0.5980431007818138
1343,0.595984383849993,0.378666079206848,0.4591978641044199,0.5574418742834226,0.5009044036633488,0.5044967602407873,0.5356704902481344,0.0,0.531373243746871,0.5709894977174703,0.4611879749209312,0.6138456583593827,0.520430301047889,0.6532311382883136,0.6584106838074029,0.4707408485226613,0.611743518478504,0.6510516733781603,0.4456603392262056,0.6542917471306021,0.5783809842953752,0.7080432006589248,0.6397029364314994,0.6109266714544973,0.6541038527944326,0.7067335630755562,0.47727426041859644,0.6132275778214519,0.4926466539647207,0.5406561929093618,0.6706242219746732,0.43429343971957957,0.5326117134788659,0.6409942131919512,0.4770072946771098,0.4821092710165367,0.6278969052633272,0.642286975331245,0.39648706794218697,0.4600655477630544,0.40180503201698614,0.6059195758243751,0.5431841250383063,0.7210814958289877,0.4873826010682968,0.5374181297792087,0.6675596312851761,0.6867532985693693,0.5845607625154607,0.41559299089896024,0.44617825501124453,0.41927890912663,0.5887386477349558,0.6230309950577624,0.6318681949669179,0.5389162887588215,0.39916484448694634,0.4833716410033629,0.46085072333290045,0.5788076674396044,0.6080302728475953,0.7910557170277429,0.5792570012507984,0.6203001729590416,0.5092437496812832,0.637272418537693,0.7403020332931827,0.542187169726172,0.5389701594260943,0.46796114079738005,0.5733413765379859,0.4952465648131258,0.4397104193358611,0.583158559710345,0.6690155539147455,0.6139102259794444,0.4814156575633536,0.612164428452102,0.5185821796561673,0.6114563943928242,0.5824458415260081,0.3800767927546911,0.4332301574919251,0.713831129525715,0.6417746853128072,0.6056228295268656,0.500905541928297,0.40635393708803824,0.609371626428836,0.414075904379018
1347,0.3579897817405401,0.4497352652201221,0.5570279202927759,0.4648930408683903,0.2743272904269918,0.4762415669188007,0.5944198477081359,0.531373243746871,0.0,0.5568004884695831,0.24031700197713513,0.5150527909312791,0.5722412007028681,0.47479393980267104,0.3967935328159252,0.4399700156169719,0.33212625527863504,0.4258462923450853,0.49535948208866876,0.3096437395166499,0.3750788650400622,0.8459235936034992,0.46777454151450243,0.8044028085645509,0.7530314740777727,0.6254897495024486,0.3815863280574994,0.7249287530516235,0.4893385479108392,0.6097801163429135,0.6605677640463803,0.6210586217115308,0.35960842996066006,0.29406130491880456,0.5399204786100694,0.3507331847894054,0.6298854480448346,0.46046540303857497,0.4325689354884218,0.45569483940700645,0.4972847973037899,0.2708466557627084,0.44444449504938965,0.8087204061047153,0.5914401553386097,0.6447267323905825,0.3382354712595307,0.5803698458251514,0.5138502326197855,0.46830796926400353,0.4478651277783216,0.49828816341514603,0.5014042084599469,0.6412689828030189,0.2828352840763365,0.7014394632117441,0.36758607152791034,0.563009435845686,0.5263001621439115,0.7603127794235951,0.730060089383891,0.7229053812404007,0.4434692785287538,0.4565595555136719,0.25744875450165505,0.26112684084567134,0.6990206085128104,0.46237528857955756,0.6394986628407731,0.4394189528198902,0.7610781377427063,0.3472166627720934,0.36073169419515366,0.3176159290310362,0.685139493681151,0.276574420015288,0.5148950275023816,0.46082927045066535,0.5694779484485992,0.6887629073973879,0.446393737068149,0.41621631431409967,0.39544069159663686,0.7658662076404266,0.7215408026326131,0.6327835669167239,0.5284209333905111,0.5330838436460035,0.45717965164712177,0.47054214209348705
1351,0.48368268338628084,0.5835640411411263,0.5837433794387001,0.7106651730761508,0.6207998256947372,0.6142316351659568,0.2714316991591258,0.5709894977174703,0.5568004884695831,0.0,0.4982381200631222,0.3150228466179128,0.4939109966852886,0.5503555175578279,0.6166240580484237,0.6232706133768058,0.7035245628032868,0.7204883343074655,0.5141871379571481,0.7203325370381194,0.5640821633143912,0.7530374946073933,0.6945169375281406,0.5053129735509908,0.6500227676383928,0.5502739165833603,0.4352373236968682,0.6078420522432288,0.4862780020881548,0.2681184708692874,0.45513702391943567,0.4069123424478072,0.5700174207533313,0.7316603837483846,0.6587360505427593,0.4516599580036936,0.23502993787182191,0.6677549906042022,0.6447441604774838,0.3709476558146416,0.5264645149283766,0.6608019694843419,0.5856450108706743,0.46326772311453035,0.41519633370063835,0.44453654344825067,0.7372733948457966,0.3235747388846146,0.545643681966785,0.6265489871201397,0.6136525527535476,0.43107558072197805,0.287966315345774,0.43293050941303424,0.6839963383156389,0.7032187731647321,0.5400681737250401,0.4758833903043104,0.2869025357704508,0.5324286370143418,0.31082121715368016,0.49039502805786334,0.32475356511900055,0.6213412547238246,0.5762148540951575,0.6859340293103828,0.33841513042719384,0.551709662194092,0.2698052611610023,0.6140370911085707,0.707428094204807,0.4680856753509347,0.377357602884948,0.5328862108143151,0.48709631992391544,0.6625739961085688,0.48169634364311326,0.7090022669537175,0.4158135251271532,0.616376115319091,0.6215488368624998,0.5911229401070213,0.5006570536563179,0.38787670865491064,0.4107150996454917,0.437281802622084,0.4839275522736356,0.6023358934061,0.6451206722939204,0.5838547529314174
1365,0.27031141670328673,0.3921169576899418,0.522182235352471,0.4124334890400043,0.24499772560117888,0.44295433205095147,0.49687135664757415,0.4611879749209312,0.24031700197713513,0.4982381200631222,0.0,0.4475819730901542,0.4442056480205604,0.399218311007097,0.3890707034135755,0.3520900247177824,0.3354427601199098,0.4025872589631714,0.40270255868028093,0.35932092952000844,0.33181346704860504,0.7670035649214286,0.4527813643627699,0.6848310723364819,0.6764729095380695,0.6443104476001689,0.26268655103106303,0.6085240501108498,0.3505767210417382,0.5338919454043805,0.6806704061879099,0.478625889995217,0.3134132719943522,0.32833600720673584,0.44847329112182843,0.3419687955619953,0.5753870277417236,0.3996439891268454,0.36310811262067777,0.3851030850666438,0.3839215454990754,0.2867096352497359,0.4011421796413193,0.7176148555007302,0.46075917902599883,0.6203546397485651,0.3467722207929893,0.48737508036443783,0.4369925680538803,0.3998479342900991,0.37753289635243636,0.43015045918076,0.48590517676658884,0.551902784925068,0.3038577606914295,0.6391175362683602,0.33230256241875566,0.42835555927777735,0.42719109291196566,0.633031981335618,0.6031216506446394,0.7516084663872971,0.4225628592450438,0.41296418899123477,0.2438887264435074,0.32555008428930476,0.6856615505617074,0.34310525061141584,0.540167816956105,0.4008179488084197,0.6932238692922046,0.2865550088697463,0.2886231847556461,0.27391085035493146,0.6635383782099633,0.34067320082775604,0.3881981685450548,0.4502901700374681,0.4406028774655154,0.6159228077008538,0.3848340213084389,0.42877088448095835,0.2787306914847537,0.7497540601228733,0.6328137866585739,0.6380977275325133,0.4049928224055176,0.5052571237035457,0.4278966893093607,0.4089227901673739
1368,0.2950226099477144,0.3543643634078984,0.6560259936129751,0.4501672914124303,0.4442453826403966,0.4522280681561849,0.2759282998183926,0.6138456583593827,0.5150527909312791,0.3150228466179128,0.4475819730901542,0.0,0.5308175548392384,0.3197760129440431,0.540718834066081,0.40624917993439374,0.5360919166787235,0.5342384037994043,0.40616834454885636,0.5661736327803202,0.4459228810328556,0.794632929034589,0.5113005463584025,0.5861683474586058,0.7340601356794431,0.5723539593332243,0.31509100754729147,0.6337176537871967,0.24525678304860948,0.27960761222847585,0.49984089232916246,0.46194960015085385,0.4152277462874392,0.5476880340645426,0.44680487387622864,0.35115794692033875,0.38968271107833485,0.4699099059792422,0.4110763675101651,0.34352581244196656,0.3662755794372127,0.4790430470280988,0.3440958402331415,0.5495988585213345,0.38790485358325244,0.47997649653742447,0.5479555355936445,0.1402760449630021,0.40622618589225173,0.5542364897211272,0.42156044823726885,0.4726025288888607,0.19332140176140952,0.48616826446440686,0.4984458317905779,0.6791766148706952,0.3567059014567634,0.3510667844915154,0.24852344658248685,0.6569645067045603,0.3929591394154115,0.5044014471456835,0.132676973250568,0.41693325970127204,0.4107676139243793,0.6293040807426167,0.4137721045245871,0.3448849684269641,0.2974839635752281,0.5767484821607513,0.7264029222898548,0.4904372007188117,0.3300310838203913,0.3620098199136567,0.5783958569763682,0.6304470082634053,0.3336114490895582,0.45007579581989554,0.34963412633326363,0.6390350523171373,0.44874263193047564,0.4369901251531507,0.3519801237550398,0.4482176606002586,0.43322465329569604,0.386791257233059,0.3069050168046209,0.6202193867945209,0.4001726788518874,0.5625252089876347
1380,0.5747466082018025,0.5771837672103777,0.5203449265689987,0.6237238269939607,0.6190989847519949,0.6013486654016541,0.5168139111658409,0.520430301047889,0.5722412007028681,0.4939109966852886,0.4442056480205604,0.5308175548392384,0.0,0.5775159463594806,0.6852522282398761,0.5466727120427832,0.6743664643847946,0.665526900210298,0.5989221704198118,0.6895041164236181,0.6608876041765612,0.6470722983787914,0.6514438062183419,0.6631113267813025,0.726576000463732,0.48939055900003403,0.5215659574228266,0.6639298015453137,0.5070402340765449,0.45526220377953774,0.638172711402646,0.4285233304414141,0.5935545865507229,0.6704864645769364,0.5962256789518461,0.5089768541818284,0.5381365920800825,0.6083191152831104,0.5890469265368651,0.4341143891660439,0.5567090224241862,0.6126023464575853,0.5958984167401579,0.6159880094808421,0.4843173468902882,0.5650491589360591,0.6763518743067841,0.5240903073286086,0.6046020222291333,0.5318226555408905,0.5616742809177118,0.5260078822269578,0.4913638632357348,0.55215051601445,0.6426941083558942,0.625350317644906,0.5764802420481476,0.5225392029382971,0.47141791785862586,0.6926830122733558,0.5451121535695456,0.5016087307942431,0.48572112984607985,0.6335131961030374,0.6128513357859637,0.642104302889005,0.5025013713094595,0.5803973686207229,0.5231859396737979,0.5383252271488697,0.6827559507907957,0.5626172306443187,0.528898186046837,0.59939071711744,0.6569076878257298,0.6555360084510371,0.5467306109044069,0.6254804569725007,0.44903138092945805,0.6449878034195504,0.5708054913567745,0.5621776367751079,0.49604763712351907,0.5715890415575064,0.505813941864421,0.5200435490192574,0.5582846870110739,0.5909366212219187,0.6136308615996359,0.5734952620521332
1386,0.20778006032561447,0.40927011468737784,0.6821973256197496,0.20208724912041132,0.3647037582065856,0.48852749370622234,0.5007136323206338,0.6532311382883136,0.47479393980267104,0.5503555175578279,0.399218311007097,0.3197760129440431,0.5775159463594806,0.0,0.4811358271738145,0.33861823640856736,0.3256941390464221,0.24552465681825653,0.4576854048796737,0.43110080583172405,0.34147827215199206,0.8453845477091646,0.2107025730707222,0.7215134343700433,0.7508064470672506,0.6485020425210861,0.2825464192194606,0.6868076195650392,0.23192417962560413,0.5559396744029811,0.6699413265655478,0.5319973564435418,0.22735194833060965,0.42692635142885393,0.49122440589556593,0.3028692285009926,0.5737687306302253,0.17367963892738736,0.34965537398569235,0.4240548417917325,0.3991339166265946,0.29847937328435226,0.13714225219311782,0.7505961216437618,0.4880627804313369,0.6579922363347628,0.2848470820662018,0.32244866709689274,0.3445535079501801,0.5273093007802718,0.3861436255390679,0.5662507671254843,0.41796157943089746,0.5269926655377701,0.2973677302168597,0.7386608308958823,0.37294861186058026,0.4343011848006375,0.44509068613916725,0.7089100107295937,0.613464928297105,0.7455609157519826,0.3834451028966591,0.14689283702846256,0.35490597917395506,0.5064995489940433,0.6406628724218223,0.19258173944139861,0.5488152265223992,0.39908650180464855,0.7898304748625677,0.4733022148954078,0.4123629308934684,0.22148983768716712,0.6883155957867796,0.5361319396542333,0.386369942289594,0.18901445495858443,0.4385031263657838,0.676260568103558,0.15580500023095825,0.5055264274564649,0.30562007133417907,0.7098234879716785,0.6545114432561054,0.6534925109323485,0.3844365744732437,0.6700638172922574,0.1513362056829835,0.5971121814975633
1431,0.33919895163231745,0.5033339824090055,0.4868666657692435,0.4606075981915014,0.3149630240374369,0.5431558654902252,0.6232033657283571,0.6584106838074029,0.3967935328159252,0.6166240580484237,0.3890707034135755,0.540718834066081,0.6852522282398761,0.4811358271738145,0.0,0.44107479929047466,0.3170353461993956,0.4160031464005756,0.4524256917348618,0.34049634571771303,0.24894852209410362,0.7235054706092399,0.3292792369336943,0.8452732125164135,0.6736661439710501,0.8412880568539867,0.4589557392686921,0.6124510455271844,0.5078790038963318,0.7093567529958855,0.8138046930518913,0.7356125827437701,0.3861107442603209,0.370284354383654,0.555729723264168,0.5215412930289431,0.6294975663401614,0.45892707896276286,0.44715601796515747,0.5680439939608185,0.5100661714381776,0.3346638106920887,0.4823611546610942,0.7593025530331672,0.6994028363103177,0.8629450001219526,0.3796737187725331,0.50879417378916,0.37479158422171094,0.5503536200620698,0.4417580018194364,0.6511877821666425,0.5605534326440026,0.6462711849045565,0.3385794627478586,0.8218536164507833,0.3884539271995274,0.6293177822267431,0.616346058643457,0.6998534596716237,0.7624865470799514,0.9362011432386229,0.5969338208462857,0.4320950821568691,0.36872914193183226,0.4367258814751821,0.7843406747293478,0.44901039010091204,0.7003524254799193,0.501182213158048,0.8705158383273984,0.5432213264895972,0.5173212688291415,0.3489698181867379,0.6458452330876971,0.4238807197678762,0.5172705636441157,0.47222041490774325,0.642217543445616,0.7945534015098921,0.4397008902385268,0.5928378130451503,0.42769287274297274,0.8615314919875319,0.8594835628557204,0.8643908466080342,0.584494434562165,0.6842676158803463,0.48233835110371015,0.6027143692198191
1441,0.3189584083202056,0.30061959052759457,0.5319244612480026,0.2508294757568176,0.26051731888717305,0.3543788061901756,0.570154199527487,0.4707408485226613,0.4399700156169719,0.6232706133768058,0.3520900247177824,0.40624917993439374,0.5466727120427832,0.33861823640856736,0.44107479929047466,0.0,0.3637814270344396,0.3492283323183024,0.35426613274688956,0.4107237503905816,0.2865169523542591,0.874833610087403,0.34240836886241804,0.7200808213963306,0.7831361108036027,0.7429310092728829,0.32719911820981573,0.6158305481700774,0.3151940665162867,0.6352465776741295,0.688864689716843,0.5077076183368485,0.304424931902893,0.40766880261014016,0.380900770177116,0.3742506587033474,0.7170312380821889,0.33330526169591557,0.2468095677025814,0.45322593237780223,0.3405142210135453,0.30465386339743783,0.36760320582701345,0.8539766794330799,0.5045632347595191,0.6551543119008321,0.36294546411254264,0.4675495145448288,0.35649525746589295,0.3001090770096442,0.20028624615785834,0.45578205404053673,0.4945945229260927,0.6593583477493636,0.32317264259444556,0.6460539084956365,0.26824093605807703,0.5002467095799901,0.5044749251678519,0.7107275632826938,0.6537761790804417,0.8372326035700819,0.4743056656919066,0.305622010833762,0.39805550828990877,0.47601435735822484,0.7533521684035196,0.3068699479073036,0.6283730579890148,0.3234355343245249,0.7052483720077765,0.47789259524119077,0.4717059576793169,0.33143715792100026,0.725436788552966,0.4784053647430973,0.4167237183000698,0.3161038565581476,0.5254890109998741,0.631741222243096,0.3236700433248032,0.40940832744555444,0.21779895907818259,0.8351267603160253,0.6475597674357514,0.7008234607144246,0.4062255404476837,0.5413628167979329,0.3137218230233592,0.4268275057634824
1457,0.28126849446727686,0.4684931427054275,0.6501693688106909,0.25951372383723476,0.16376146330615948,0.5481642740992574,0.6750047721993622,0.611743518478504,0.33212625527863504,0.7035245628032868,0.3354427601199098,0.5360919166787235,0.6743664643847946,0.3256941390464221,0.3170353461993956,0.3637814270344396,0.0,0.18746346567581668,0.5051390790815729,0.15297884563975414,0.17441888615753587,0.857421933027267,0.221929861886523,0.9012731027025365,0.8206361147082035,0.8404331754819071,0.38778985341322547,0.7784716514358486,0.41274460854156253,0.746334229221912,0.8963458106275181,0.7343867008615073,0.18971110403379943,0.17870421358066677,0.5250012330335729,0.46307748073347116,0.6852231821917489,0.24893465909805712,0.3348955184163769,0.5788945678100379,0.49434528047469223,0.1054225755764721,0.3030540570155371,0.8603808117170957,0.6938297992354894,0.8569834165735024,0.10493034419763132,0.5349523611598525,0.34543661349438437,0.520953129497716,0.37035548962864184,0.6506464507311864,0.6301113979884585,0.6914003035648922,0.08217968674081924,0.7924058809305772,0.3513094240717396,0.6095248760676172,0.6044264806225108,0.8201439274327234,0.8177925827807153,0.9400043575991681,0.5964270014632074,0.26874920052506746,0.2755657396116872,0.31109497508692613,0.8673385815497177,0.304815560094938,0.7482108704114943,0.3689878806394696,0.85531659333309,0.4780654441890707,0.5079748630196173,0.20830505127138366,0.8579395378867433,0.31049857161946937,0.5289972924133622,0.2719456925565959,0.6238670865535776,0.8003828200252082,0.2684225471480993,0.5335638535567326,0.3741503959140364,0.9183802663399394,0.884430079349158,0.8317537550466907,0.5681233202459112,0.6495891435266843,0.3046937932985674,0.5713027167119408
1466,0.2932500840913559,0.4838628959444977,0.6776009974525403,0.14676481903709554,0.2666931508247114,0.5303398253667553,0.7144523200018849,0.6510516733781603,0.4258462923450853,0.7204883343074655,0.4025872589631714,0.5342384037994043,0.665526900210298,0.24552465681825653,0.4160031464005756,0.3492283323183024,0.18746346567581668,0.0,0.5324815320797579,0.2653172762258568,0.23227747918808972,0.9367749187062353,0.19858864247362323,0.9230791704441502,0.8618495311318817,0.8304536050747879,0.40559258404125964,0.8181549352204813,0.4322085734789563,0.7598935282421219,0.8788308455548387,0.7532382536364397,0.21249354389149755,0.29045722714670713,0.5448597628552587,0.4540134790447959,0.7601527003595121,0.11237652276190402,0.3605676367884768,0.6138484012378156,0.5331176200060173,0.1878757718820749,0.2824560100911766,0.9277471018664714,0.716926402394371,0.878408325782978,0.11493633899029185,0.5502994486134865,0.42127918779044826,0.5040751667454122,0.38566195118798774,0.6916137318215216,0.6302342443103484,0.7176668429164426,0.16820842543971637,0.8105660440530016,0.3968975641401682,0.6415223945037574,0.6553341094332497,0.8689359858387982,0.8386817172951734,0.9433534743945036,0.5943794549815498,0.2037232622163498,0.37566922468102454,0.3759517324645562,0.8572323686855371,0.33469150781272305,0.7652780135323002,0.3533743621506119,0.8945414409822102,0.5870361677142346,0.5408523971000971,0.2643616836165765,0.8733928592458382,0.42893601171346235,0.5554050839991349,0.13550780101400536,0.6521086267129803,0.8045200788427056,0.22284700988905898,0.5483968586971009,0.40880888993729986,0.9379067142339166,0.8629153471249147,0.8473652969751677,0.5813744863557425,0.6619757525204636,0.14900199806498463,0.5840287651009226
1488,0.3534640266567467,0.16691253854401694,0.595058585997953,0.41431667122877724,0.3815967342092797,0.24985591384347267,0.4026854515077273,0.4456603392262056,0.49535948208866876,0.5141871379571481,0.40270255868028093,0.40616834454885636,0.5989221704198118,0.4576854048796737,0.4524256917348618,0.35426613274688956,0.5051390790815729,0.5324815320797579,0.0,0.5508541004128751,0.37442257610645935,0.8047293853218231,0.5034194076816831,0.4509999327079224,0.6275939738379698,0.7334829426370286,0.33506541777154986,0.505530108346837,0.35670857070272743,0.5005203833856176,0.4873740534118008,0.39909354184275153,0.38059429393628835,0.509160985333892,0.3224411690574903,0.4353598660798075,0.5153185549633185,0.4920044688246107,0.2552487084154661,0.40209196354987603,0.22076317187131136,0.471959210944341,0.3938600888956944,0.7215872250609063,0.43874935579387453,0.5583967976188515,0.5467229099636766,0.40999989389196767,0.35394948745167887,0.41480427508473483,0.28618243751226613,0.4176393245321222,0.46646883891144125,0.4844294940349646,0.4849585823331313,0.44278181810349115,0.23415508977325902,0.39079575881673395,0.4217191013283791,0.5088243638203525,0.4683545409723357,0.7937810922501409,0.4247473178151156,0.3907274167702348,0.36313877937699957,0.5431172910344091,0.6629491722216964,0.37530686700875526,0.4497526964070861,0.5303571551170809,0.5626134730079446,0.39505125208563846,0.36923017931264357,0.4109134776561288,0.6384391313143492,0.5326754048824935,0.27770990941690726,0.4778313836954323,0.4096208536497145,0.4817117593180065,0.46130929677344606,0.330642769578621,0.29269362423924483,0.6602881100555736,0.6423504791717451,0.593100856175635,0.24197728049428924,0.35846767203772817,0.4365561296727405,0.3109889084702603
1493,0.3490353289502881,0.5210178954204318,0.6549554801278511,0.3750283185034491,0.23351570622922077,0.5627172339226312,0.719039772191501,0.6542917471306021,0.3096437395166499,0.7203325370381194,0.35932092952000844,0.5661736327803202,0.6895041164236181,0.43110080583172405,0.34049634571771303,0.4107237503905816,0.15297884563975414,0.2653172762258568,0.5508541004128751,0.0,0.24289111920753997,0.8992892731837225,0.3225736562932332,0.9453081026946754,0.8593430324519915,0.8488367745115706,0.45569009331080723,0.8130711992710693,0.4944913005909748,0.7914642172364688,0.9079956428915732,0.778008078920498,0.3190518791827086,0.0969627233689779,0.5715389537753841,0.5183526965367866,0.7332315658518073,0.34768571138001797,0.4245093235307608,0.614515645249563,0.5379934173478353,0.19467036509261687,0.430818696536736,0.9046698048060877,0.742677876501547,0.9011388289673714,0.158995504928229,0.5671482011053013,0.423162285191734,0.5307211618413888,0.4180190855104755,0.6916375290233918,0.6391785875834808,0.7383097596081672,0.15565476374214277,0.8412539581966347,0.40589274245066587,0.6553899410622825,0.6474769129996971,0.8637297854497201,0.8644073668614889,0.9526763264355796,0.6215401690939315,0.38553754251464356,0.28835869708025275,0.17968750294520147,0.8787161276689863,0.4279195210179623,0.7944054918642214,0.4187714521067205,0.899351593325229,0.466687350754152,0.5523948945169512,0.2836221051726985,0.8683091232964263,0.233100311026537,0.5776903609769284,0.37890218625181715,0.6731504595831498,0.8324834772661851,0.36619164975676266,0.5920611153803592,0.435535450530866,0.9624152663320782,0.89349726894418,0.8757887550388297,0.6098479637138037,0.6936804681219066,0.40072911756746965,0.6157334807023657
1496,0.22050447357876896,0.4161163811511238,0.5965363779968461,0.2698216116468054,0.18170627158893038,0.46590274803699083,0.566628525199387,0.5783809842953752,0.3750788650400622,0.5640821633143912,0.33181346704860504,0.4459228810328556,0.6608876041765612,0.34147827215199206,0.24894852209410362,0.2865169523542591,0.17441888615753587,0.23227747918808972,0.37442257610645935,0.24289111920753997,0.0,0.8810933253971903,0.26210934985096634,0.7717572469173717,0.7758714938666499,0.8343811457735633,0.36785637866159204,0.6859981592189037,0.3664807567391559,0.6620596852861342,0.7395536242518834,0.6795416872218858,0.23336409462418167,0.31128640174515704,0.48014750893402103,0.43771489313120526,0.6054804113497458,0.2984718316353674,0.3266158808367482,0.5315483437860582,0.44722014532803644,0.20181732631698154,0.3561347948878225,0.8179077450355184,0.6374361892100898,0.801634101085446,0.22812389573891595,0.4463326379048488,0.27609867107181174,0.47241604304171636,0.3188391967957581,0.5958042877164111,0.5504741927582293,0.6193019434444818,0.1910696924531366,0.7573379411904932,0.30196276380864584,0.5760512752597489,0.5727662216297589,0.6942474825626317,0.6923119211170181,0.9004739066674935,0.5467586393917817,0.28827723721530196,0.32496460430096424,0.39077609019546766,0.7600149019055948,0.30050817182367784,0.629206331742704,0.39418221004048626,0.8114473683908623,0.4898152225083447,0.4672129308485943,0.2269031798959285,0.7481779327217675,0.36921465491117067,0.46157934149145924,0.3263694543279957,0.5850575582056289,0.7343104677587315,0.2993666670885794,0.505378201327892,0.3292815278148743,0.8359375717710278,0.8004388710618372,0.8110337744956533,0.518140593508523,0.6167272006119288,0.3177173350427905,0.531464137316705
1512,0.830450304667712,0.7586983043251316,0.6077795501804222,0.8967867806347489,0.858918340685265,0.8714409254629156,0.6907424174791666,0.7080432006589248,0.8459235936034992,0.7530374946073933,0.7670035649214286,0.794632929034589,0.6470722983787914,0.8453845477091646,0.7235054706092399,0.874833610087403,0.857421933027267,0.9367749187062353,0.8047293853218231,0.8992892731837225,0.8810933253971903,0.0,0.7862315665566455,0.5430001940349499,0.7285871231857195,0.6955719052208612,0.7763990860248926,0.7663700855439888,0.8037582104763222,0.6775876367303773,0.8129925231785722,0.731833344748414,0.8347918958522265,0.911667118518813,0.5652274122827455,0.7692180520234735,0.6602261040838208,0.8597484882073758,0.7802605722869842,0.6997451025453533,0.6745218255349423,0.9042234509561561,0.7719227727703492,0.492932800906446,0.7677007859568755,0.6314363328031031,0.9399461184696449,0.803025091142177,0.7767484978442029,0.8369552128432187,0.8500908183777962,0.7648592558206424,0.7888201027578716,0.5411006452952067,0.9096805918820796,0.4324411886177873,0.7709996565440898,0.5942404330682698,0.6895289797631983,0.6846448214556933,0.726108086617622,0.8008297328556022,0.7771579301080022,0.891648718225341,0.7769640790794544,0.9319523534907903,0.7829637479116529,0.7938681600891357,0.6526682095332133,0.8125133947415658,0.4063286646046016,0.819205270212157,0.7016115768640823,0.8402935761462751,0.7423351044500306,0.9052286705539645,0.5919439397469367,0.8882746525134896,0.5816951935003112,0.8374972462255007,0.7791065908158575,0.7325806726049662,0.7736843915394588,0.5884164347995873,0.8157759227022594,0.7090221137966042,0.7953841157150777,0.7615082520152103,0.8817444574218829,0.8123352137603559
1552,0.331405018091533,0.4669443565053406,0.5738057174409483,0.17647333152579528,0.3133454367491335,0.5178520079073493,0.6635449460910281,0.6397029364314994,0.46777454151450243,0.6945169375281406,0.4527813643627699,0.5113005463584025,0.6514438062183419,0.2107025730707222,0.3292792369336943,0.34240836886241804,0.221929861886523,0.19858864247362323,0.5034194076816831,0.3225736562932332,0.26210934985096634,0.7862315665566455,0.0,0.8863819383857546,0.7776924028709951,0.8107574784098465,0.41218291107549043,0.7131670465699931,0.4063827450675569,0.7463713472933051,0.8595720999595702,0.7206127883230797,0.23228918904835155,0.3857327511641267,0.523314394164067,0.4256113826903345,0.7001899121186186,0.17032310769552952,0.345782409443268,0.5578965066724084,0.47793798112830504,0.2678192555550215,0.25410542184243445,0.7969944671273224,0.6807703216478106,0.8441993794473016,0.2308045559513422,0.507283428864056,0.33371455304050224,0.5091507381323316,0.36275013800444866,0.6433907147281176,0.5932359756006658,0.6816309449606003,0.23494781545190452,0.7857155963558184,0.36315035015073155,0.599400469000421,0.575976723864472,0.7660209641590812,0.8023855965321489,0.9031382509254383,0.5735125351916522,0.18192587019456263,0.419412207995696,0.46164135013725677,0.8283357824611366,0.28160807724499815,0.7390804877445754,0.35477822665524755,0.8456455058819062,0.6182778217984471,0.5686261859966386,0.2891401399550301,0.7705349300378729,0.4828429002734685,0.5214791461291433,0.19417401821938166,0.6113243757711618,0.7811568597608566,0.17052504054995438,0.5373276951602115,0.36322673048707665,0.904974262122006,0.8450493986970479,0.8316011769529703,0.5614941008282436,0.679866388487085,0.1946393997790801,0.5943634933079498
