,1035,1072,1133,1163,1167,1244,1314,1343,1347,1351,1365,1368,1380,1386,1431,1441,1457,1466,1488,1493,1496,1512,1552,1560,1574,1585,1607,1608,1630,1639,1650,1655,1661,1667,1730,1758,1774,1799,1806,1818,1822,1825,1864,1871,1876,1913,1972,1973,2024,2028,2074,2088,2104,2108,2118,2137,3003,3011,3012,3021,3022,3024,3031,3036,3040,3046,3048,3049,3052,3053,3059,3060,3063,3068,3073,3080,3086,3087,3090,3128,3162,3173,3191,3201,3213,3217,3222,8223,8288,8876
1035,0.0,0.27793496575805854,0.6028274784005759,0.47955665028748085,0.6114150266746154,0.47271625928850397,0.25509817476701296,0.6375698572641946,0.5603932788414799,0.2908408612104825,0.6143997244179047,0.2907210928927665,0.6869264667009799,0.3136724913553846,0.3995303766969963,0.4910238237555269,0.4178742774264569,0.6139097261106993,0.4910198594415285,0.6139097261106993,0.4248363633201148,0.6139097261106993,0.7568311089250488,0.772845113361208,0.6421615163531911,0.7434973922225875,0.5497586983255127,0.7062400894461482,0.6707634056253652,0.37309119076990804,0.6730426288944447,0.5437106311567987,0.42976875940476134,0.6139097261106993,0.5588664444113054,0.5588270989971122,0.3413099351828744,0.5613522205702798,0.4891477927681043,0.42271148437452766,0.37888437429427235,0.6055805440726103,0.6300143678729371,0.4076298282338212,0.4305967217890909,0.6230175531067935,0.37954121093657334,0.3854450445002976,0.34203272825171194,0.6421980131478948,0.6437889821084849,0.5803971579508941,0.4029572973760366,0.29257073031745917,0.35097490361663297,0.5529177538016871,0.7199919060558748,0.4092105336216382,0.6384599373895599,0.715897676709812,0.2739561595474985,0.27647816967130534,0.48365148375427164,0.4776458754891719,0.3407953715446085,0.5363373491887163,0.3765869401786616,0.3497625697292265,0.43893890399004043,0.6309239898546056,0.5209203164585697,0.4580265309322258,0.37930435745372704,0.24364554679730827,0.5012082492421617,0.3510603457830629,0.08868763152311304,0.5089736107697572,0.2839836811703284,0.2868912821188181,0.5814287366710336,0.6257077958757419,0.4180081272504201,0.4094134817632873,0.4633257344456848,0.6466566576343469,0.5023007476896204,0.6131236765381859,0.27839744101459274,0.6412735012747963
1072,0.27793496575805854,0.0,0.43943786863875656,0.21297240086135472,0.4026661649026251,0.2577137455347157,0.2719479820416719,0.49905783409544147,0.311083530269468,0.1984637529984733,0.423740875436294,0.38075748715666075,0.5995922443032977,0.2729163228083826,0.3569757958099934,0.238034031254155,0.35129853797600186,0.5481764747726744,0.38930054379384726,0.5481764747726744,0.377537556123588,0.5481764747726744,0.7321589857289219,0.9230850540084624,0.6957361775149836,0.6559872678114341,0.3140011363129799,0.8308726954519237,0.5832532812142118,0.4569165164533989,0.811003264868069,0.5548595360829678,0.45940621542400906,0.5481764747726744,0.45799432675993207,0.3866076313063609,0.35962942090583616,0.6813052556343799,0.37133495545961726,0.4332948692514147,0.4506711702814384,0.42992226465294764,0.84494101731531,0.5442310070472042,0.2965666157281431,0.6935457962777306,0.3088828666509689,0.335890091931124,0.33915445221707374,0.3938081034720804,0.3956170046499331,0.4266527450435392,0.3232235259971414,0.365062996852907,0.09466478336245047,0.5254792566020093,0.6534161666054198,0.4882539341620696,0.6154085245340569,0.8886545574556108,0.3712984265454065,0.38257296929593027,0.2939663182639,0.5487720222873282,0.366699038670554,0.3334901577181686,0.3394355838985552,0.30302531876204636,0.22847587233081396,0.3828006982018592,0.6691357931058242,0.5246427706133396,0.23140082888329744,0.11699444321559327,0.5367395532683478,0.30841054525969624,0.27931538919369353,0.42146348635860387,0.49358609925362396,0.3140538399497614,0.3964625238539411,0.37567648098375483,0.2584184765638313,0.3736906989303383,0.2334786840932077,0.3933799318896538,0.3026398411201742,0.36908388918590485,0.4153587318797454,0.3919637527027844
1133,0.6028274784005759,0.43943786863875656,0.0,0.40646229271406864,0.4025003696701466,0.4039572449898844,0.5674257750709201,0.31478567665507684,0.30157319003696753,0.44067022704792086,0.24149908628665162,0.6894685171630949,0.4014747120191744,0.5349758856498069,0.6830076512344782,0.29861239849938315,0.6754768633710055,0.5051677501243523,0.46936664324838445,0.5051677501243523,0.7065790317861681,0.5051677501243523,0.7891076227260099,0.8822954086875883,0.808566202529117,0.4807559897719295,0.29960127898241584,0.8022290675907422,0.5147564785062173,0.4975625569382823,0.7822817961652044,0.38367021112645006,0.47483046944134877,0.5051677501243523,0.47053699105268987,0.345453696780792,0.692078958006738,0.8264849573687576,0.40766031194393815,0.41940591986227327,0.46439968559025085,0.22779423577496577,0.7807739641287577,0.6036664048382113,0.36251999826539555,0.6579430043164535,0.6349147220754537,0.6687897230966873,0.675014963821954,0.38758083571772095,0.2777536601122026,0.29364075416483093,0.4632617589461318,0.6974112319881387,0.4268432247898942,0.5435163085481316,0.6800511091749265,0.5193854750346543,0.4045147693842201,0.8458495337406629,0.6782875736960446,0.6886804336199472,0.3126761497697318,0.6872771896827107,0.7138303362039758,0.3890607683430391,0.6634271507987451,0.5832853672683477,0.4186276893137184,0.25029442012454894,0.8323199639132751,0.5604430054242049,0.4508304409584721,0.46455442056184504,0.656223801650986,0.6342412661387264,0.567867628395859,0.5374139122698558,0.5990665641762982,0.5404354763800039,0.4101224514198247,0.38060607194283747,0.37153437375255055,0.7080607015917078,0.2755298583864364,0.4080451395804968,0.315717789834413,0.2668041473034519,0.7392952466273408,0.2783892434760366
1163,0.47955665028748085,0.21297240086135472,0.40646229271406864,0.0,0.291372011481161,0.16859848101349828,0.46286781253936227,0.4737935923096961,0.20313199155812778,0.38372095949358964,0.408175725198881,0.5610232280430598,0.5719951651687538,0.4598130958821358,0.5405257541397472,0.1911737445685071,0.44219701493595304,0.5311976488349397,0.3842462780543764,0.5311976488349397,0.5610875144533419,0.5311976488349397,0.636432927671234,0.9236569337793779,0.6980900774653456,0.6285660906903614,0.18404270833743006,0.8285069112577071,0.5563404315931392,0.45527052599643314,0.8143980265201214,0.5504517308360819,0.4709414992769355,0.5311976488349397,0.3792258895215626,0.2913735044150263,0.5420038022090871,0.707933813400241,0.26698925054165,0.4358496708237061,0.42751661616407555,0.39856161052600025,0.8261398752445782,0.5584358160857255,0.2958010212852537,0.6958996962280924,0.4924328249807229,0.5204284758133203,0.5046856359268789,0.2737908449975611,0.2985941563670281,0.4209572394013965,0.43043348877759036,0.5667582365198022,0.15638359235558677,0.49030910158699753,0.552063956378902,0.49164869581412207,0.5866589517622748,0.8862887732613944,0.5535501911527358,0.5628387101823292,0.2323943151162252,0.5647979598413103,0.5778391911598156,0.24789264120971943,0.5191990125831076,0.3458373364791837,0.17705568499263724,0.30466162192025964,0.7098407340718749,0.5231091291094139,0.2606205714222653,0.28820127362095893,0.5343737690741314,0.4919605035894501,0.48093707372311584,0.47482531744257783,0.49605248488449927,0.5236159106549856,0.3328205399462915,0.2589422222731427,0.21194424141090196,0.5580953661178606,0.20674631147896225,0.2679291062625287,0.27187770209074535,0.2465777242243935,0.6178203764889286,0.30931676620336385
1167,0.6114150266746154,0.4026661649026251,0.4025003696701466,0.291372011481161,0.0,0.16363250840165255,0.6079351682792519,0.45902626333080837,0.2189388920578773,0.5540735890294115,0.4045815111629731,0.698512309045579,0.5567359139146664,0.6258914106451514,0.7116468236044788,0.3321760727803331,0.7179692465255478,0.5363320632,0.37797386972909086,0.5363320632,0.7369528102275975,0.5363320632,0.790225090856908,0.8976013993073759,0.7798654055193779,0.6113850848363636,0.2841596930422839,0.8160186115418159,0.6035831519676768,0.5742431450500953,0.8011248795138869,0.5123770403837209,0.6193106760264426,0.5363320632,0.34862705553826845,0.18894909345081995,0.6929444817969238,0.8313606120763637,0.2356671251739456,0.5546310758153548,0.5941802841878173,0.4037212675021782,0.7949922170181819,0.6954308395997453,0.4460458826210606,0.747752386762917,0.6635538944454545,0.6970113626635941,0.6749115851927564,0.18509873322337592,0.2814131505130303,0.33781948858733235,0.6021013448294248,0.7016712270002331,0.33838475756730635,0.44778729012511365,0.7225434923294689,0.6039995225773602,0.51069596117598,0.8537973162031182,0.6856289206774931,0.7003277911848484,0.2878306901849341,0.7031180276926794,0.7077183283023173,0.22077169909892674,0.6941066116930408,0.6109444455253803,0.30333079529360263,0.28619181951382044,0.848160801923244,0.5790144071626256,0.40080956841776655,0.4141095797770308,0.6401299975022969,0.6631767926905453,0.611771685634726,0.6426246239907376,0.6220222479545454,0.6465101363907939,0.2731949848070363,0.09510620148461392,0.3161648977373307,0.7298745372215807,0.3356881327571879,0.19154880678689656,0.448057223845055,0.189566260262552,0.7521272709120393,0.3053154678408915
1244,0.47271625928850397,0.2577137455347157,0.4039572449898844,0.16859848101349828,0.16363250840165255,0.0,0.49562749895756847,0.4550743435185928,0.15278978943815164,0.4464654185617488,0.38685579460623487,0.5959667759693341,0.5556381976418349,0.5001570894901274,0.5859125024494548,0.2032897873617328,0.595195716057885,0.5291463484584361,0.35201611809551675,0.5291463484584361,0.6112184890725731,0.5291463484584361,0.7176478626592646,0.8757053724282232,0.689852962608791,0.6120332211499714,0.22601648002180866,0.7859919999241068,0.5392992345527491,0.43656814213950834,0.7633394006521708,0.476750076312489,0.5167651429501976,0.5291463484584361,0.32921014538521376,0.1656611536416634,0.5903989487206788,0.7342719255033142,0.17700671215360125,0.4143829089995609,0.4565052812772304,0.38902256810547275,0.810704776699469,0.5577558366891583,0.31976471707208837,0.6461661146974913,0.5378195732904304,0.571827170252756,0.5740888585759305,0.17950862989435695,0.283324268182666,0.37260140967395694,0.4763670236744006,0.5747181757803984,0.2126504364122822,0.42837037997205896,0.6546840110294507,0.48595701616823106,0.5576468346592759,0.8474404873199404,0.5846530698681062,0.5977822581086035,0.20059093262868966,0.5654430247820925,0.5614803322009995,0.1539558646342641,0.5683722905380166,0.48817091505771765,0.17759647413857854,0.28815162298926156,0.710485799012657,0.47726308903310044,0.2631345655071796,0.27643457686644385,0.5446558244694799,0.5374424715355213,0.474096682724139,0.5168903028357134,0.486918498957002,0.5088351334802069,0.31986213374424644,0.15299153658723785,0.1788998555692925,0.6028538738941241,0.20995381160216375,0.18522114357672342,0.3226134163459588,0.19021439657615968,0.6171403970923615,0.29278389666297366
1314,0.25509817476701296,0.2719479820416719,0.5674257750709201,0.46286781253936227,0.6079351682792519,0.49562749895756847,0.0,0.5849121599534298,0.5205174168421823,0.2531093605825263,0.5663493444534569,0.16313546564678322,0.6174597585459171,0.14858967619723285,0.2073950129099893,0.45679784999039286,0.3898149432954183,0.5710674321842982,0.599959657004449,0.5710674321842982,0.23186983072358397,0.5710674321842982,0.7299625105081519,0.9098122350521629,0.6993760007046491,0.6817324239035966,0.5054956297557834,0.819318503921385,0.618837437831228,0.49875146992452096,0.8195043586698998,0.5666816187725968,0.4049369612219626,0.5710674321842982,0.6678017457442804,0.5647080263674936,0.15953511384570557,0.6602015914116666,0.5643313485384749,0.42728568168873426,0.4430102873402588,0.5550718228542062,0.800497088787807,0.5299734333661492,0.3933555406617639,0.661420618609243,0.19460483771587717,0.1813522255936414,0.15149655344346188,0.6292355554632987,0.608722556971,0.5700175142303365,0.33364298601802805,0.1586168661792105,0.3343607839479903,0.736033848803616,0.6919325719248364,0.5050972118185126,0.5725112813626314,0.8569498780602818,0.15021383148768724,0.16495094778605263,0.4523636685857166,0.5599825520569235,0.19902757538922083,0.5201239370682267,0.1777627871359304,0.35578449947372326,0.4302462575406959,0.5837593260955404,0.6619234200498756,0.6331108983990671,0.4327001064849298,0.30931425959418424,0.546468171857253,0.16249135780701593,0.21840198264792607,0.4572529861700645,0.5079898524908373,0.21452424836805806,0.5870833584598807,0.6150998833670124,0.42605507149083144,0.21716786366049073,0.42825930930819994,0.630193082909443,0.455936618248727,0.5780572514007011,0.2882653933301636,0.6062070761373115
1343,0.6375698572641946,0.49905783409544147,0.31478567665507684,0.4737935923096961,0.45902626333080837,0.4550743435185928,0.5849121599534298,0.0,0.34269267026490374,0.47950951296463196,0.2864758988252059,0.7106954049741663,0.3562144452655559,0.5004139160678185,0.6782400811436928,0.36273212719647496,0.6871010853156906,0.49706746092499543,0.5514237195125765,0.49706746092499543,0.7035460677668114,0.49706746092499543,0.7881760066053631,0.9112179254049072,0.8432089412237167,0.48559801153171667,0.36734510806608983,0.8241780409693434,0.3593040291257221,0.41818941744856686,0.7909245264288245,0.24980673252358518,0.525138158544116,0.49706746092499543,0.5527409932549141,0.3896586059197187,0.705418569301299,0.8528086889987829,0.4793521439026016,0.4657069668283599,0.5121937888203392,0.3138431240229492,0.8071641800094641,0.6128430486778174,0.2889410057108418,0.6929269324003474,0.6288887731109174,0.6708074336008606,0.6926722202080268,0.39420005134494424,0.33753542269052683,0.3803242639002182,0.4700593609395831,0.7157161344005072,0.4819343242789333,0.6224020939853794,0.6916753311196115,0.5093107777246171,0.29231118450744276,0.8615876919964445,0.7031898333635749,0.7124997541761308,0.3007922180962665,0.7216128244783255,0.7178329365047305,0.41859133491732275,0.6588672569667275,0.6061566789543531,0.44049309314743007,0.2877119554339578,0.8627643269952464,0.6237794196676025,0.5281098901167757,0.5351720899709956,0.6948986208275549,0.6245304336457653,0.6038825854512064,0.38600694987872536,0.6420551647355264,0.5765953297346166,0.45646975382024035,0.42718110623606353,0.4304842665374359,0.7031994863383064,0.35236560086107827,0.4473050953007849,0.3691272594534052,0.33881886681334006,0.7678970787102988,0.2941589895355192
1347,0.5603932788414799,0.311083530269468,0.30157319003696753,0.20313199155812778,0.2189388920578773,0.15278978943815164,0.5205174168421823,0.34269267026490374,0.0,0.40284407820476964,0.25460550160244605,0.6519998767671075,0.4433626077690768,0.48896252039566535,0.6172990980834366,0.15528268798795103,0.6297292266025145,0.5001838306656361,0.38201211078706443,0.5001838306656361,0.6426050847065551,0.5001838306656361,0.7506235904709802,0.9027245023347781,0.7775299821617672,0.5141605568137843,0.1427808137368311,0.8130111298306618,0.4868759351422866,0.49021094716233005,0.7595823621593698,0.4212604150483198,0.4884613357410145,0.5001838306656361,0.3562292752917686,0.17743024231050358,0.6464320495184521,0.793247793631884,0.21966055211012364,0.41848645084166186,0.48398634952585856,0.2829929061326822,0.8060799878508212,0.5919872649377865,0.33995027157379887,0.6240139496904608,0.5692061689244121,0.6072835954495585,0.6330647267045004,0.20694221925947015,0.16355008581565658,0.2986471225244782,0.4590648942954119,0.6475213099363284,0.24408032033933974,0.4553895098786138,0.6343034724064356,0.5132301048688709,0.46528930258961665,0.8718245116497876,0.6436289379966761,0.6538153589063768,0.1813167877008642,0.6531200443350684,0.6491573517539756,0.19384560988126615,0.5936283868108826,0.5376430841188937,0.2271720439174879,0.16083547961584518,0.7981628185656331,0.5290164238050148,0.34472155345521743,0.36411159641941987,0.6215074621886085,0.5691242653185297,0.5306611881198116,0.5202003071653474,0.5581784408815196,0.5121752450262265,0.30042166822639516,0.18523818660580732,0.22769692326765578,0.6401859993046651,0.1715847376778203,0.21285108659903493,0.2699718801926234,0.09452488976909021,0.7048174166453374,0.1753893259012775
1351,0.2908408612104825,0.1984637529984733,0.44067022704792086,0.38372095949358964,0.5540735890294115,0.4464654185617488,0.2531093605825263,0.47950951296463196,0.40284407820476964,0.0,0.42813193210353345,0.3726681301773446,0.507544500295731,0.20387148424741147,0.3524190678721296,0.3271787046038412,0.35447114440843586,0.5535781290341579,0.4971573994195208,0.5535781290341579,0.37298082818572437,0.5535781290341579,0.7352064685462603,0.8963680894806139,0.6564131643773158,0.5797715953499473,0.4011216561275227,0.7954986599805071,0.5460340388579883,0.4509085976317309,0.8446720084184414,0.48832058928068117,0.34772949317786955,0.5535781290341579,0.5964740108977892,0.5311443154204405,0.35154006392652004,0.6841903844952105,0.5415595233989143,0.37748191643890977,0.3946747244636967,0.41500119124951174,0.8456714711183684,0.5105196152664916,0.340966276618,0.5956476894252173,0.3218311897657368,0.3378024750915875,0.3336495307868013,0.5582094518861439,0.44397380014156135,0.3919034497972876,0.2647752560337922,0.3769811779376666,0.26856557516465696,0.7109163425025633,0.6565887730378539,0.429474090178544,0.4382742376501617,0.8446346819833404,0.35869910328605403,0.37448361231661403,0.3937059038468215,0.5246143691496603,0.3821613152675944,0.4795309817314547,0.3261283099470726,0.3077297213637518,0.3545278813216433,0.42910711367126103,0.6449781399681562,0.5838162122046688,0.3617287246583216,0.28419675329313154,0.49605834081781885,0.2941319671636507,0.26012105612114983,0.3899613440023803,0.48372226106725214,0.21062792427746851,0.4826870730802316,0.5449043713329024,0.4044167519005255,0.34523631819295825,0.2827552087833228,0.5649391338399631,0.32097496234989414,0.4165166990330987,0.43579434156246516,0.46476470954151533
1365,0.6143997244179047,0.423740875436294,0.24149908628665162,0.408175725198881,0.4045815111629731,0.38685579460623487,0.5663493444534569,0.2864758988252059,0.25460550160244605,0.42813193210353345,0.0,0.7084990773020021,0.2705730363062221,0.4947994484217766,0.6782882588373329,0.26364426272523167,0.6890916579694008,0.49892958956349387,0.44034886744145463,0.49892958956349387,0.7035942454604514,0.49892958956349387,0.8067544011808614,0.8523368160815731,0.7935133562855601,0.3513686688425062,0.2745858438674659,0.7755311740821627,0.48707126070670365,0.5007674115816083,0.7468928750589765,0.3523551167620646,0.4128395409262968,0.49892958956349387,0.4432845080789022,0.35174309449680463,0.7029312500533468,0.8495151771812716,0.416408689294772,0.4545234232454689,0.436744034822717,0.08534929633030178,0.8116990089709013,0.6047044134162389,0.33078248132765875,0.6243698700125644,0.630065421085716,0.6485521352764079,0.689332110253888,0.3843414650067868,0.24634168056806172,0.27076670659645424,0.4649253747588006,0.701527755512753,0.4130492373561605,0.5615007237777051,0.6936659037733217,0.4733495540506822,0.3699664454092652,0.817485325746326,0.6998963215460636,0.7103145594412715,0.3145731855686994,0.6536125374966784,0.7032441171212497,0.3449065716137006,0.6540592576701706,0.5941422846537886,0.41183181148013576,0.21361689248828736,0.7986553117272428,0.5293647597563239,0.4397523537315925,0.46743519820042273,0.6219999553502182,0.6296816550838934,0.5821797235838766,0.5203736862050731,0.600888356054782,0.5088773986169287,0.41183776183224197,0.3714586946292345,0.3747850247972742,0.6976238853637508,0.24526365122526173,0.3708564760560796,0.26652784527529305,0.23956283990237437,0.7053099098069473,0.2647023454440731
1368,0.2907210928927665,0.38075748715666075,0.6894685171630949,0.5610232280430598,0.698512309045579,0.5959667759693341,0.16313546564678322,0.7106954049741663,0.6519998767671075,0.3726681301773446,0.7084990773020021,0.0,0.7251410107968719,0.24995512696103359,0.13132267328130304,0.5759655408740197,0.44155215185234276,0.5934651363561643,0.6876876648431559,0.5934651363561643,0.13411527042734833,0.5934651363561643,0.7545824582719602,0.9206980831197585,0.7084769775736481,0.7336197620273972,0.6312597425477899,0.8465360758547209,0.6613941029301751,0.5824279054640599,0.8754797161311076,0.6744371102430606,0.4394825455288088,0.5934651363561643,0.7438485543084374,0.7016646359877242,0.05058884229010789,0.6542882745057533,0.649018828858445,0.5600039805131345,0.5278666153722386,0.6871064997015108,0.7569096340547945,0.621244633142182,0.526068867585579,0.7277858340941812,0.24061524332739723,0.12470746988846132,0.09419805228505373,0.7236775505862556,0.7252555598640639,0.6928750751793369,0.4457499161202012,0.02875969095289778,0.43244148137221206,0.8040489298326852,0.7553264538098737,0.612913383076424,0.6678328304354706,0.8692428529792695,0.06263727470859415,0.014242923221461153,0.5651180615098507,0.6337952254089592,0.11062189909030351,0.6287361361901288,0.11655395303265374,0.445161420733201,0.5204054817456195,0.7123905676101846,0.6820545663402857,0.7091577069632239,0.5260970357458565,0.3856597449913488,0.6328387732694114,0.1274700869673873,0.2733576279652665,0.499095980574567,0.5643427068061778,0.2800433309416226,0.6839923706584357,0.7071743736313207,0.5401963513763867,0.12011062142133161,0.5447923122012639,0.728123235389926,0.5839604094223182,0.6945902542937649,0.29904098708196963,0.7227400790303755
1380,0.6869264667009799,0.5995922443032977,0.4014747120191744,0.5719951651687538,0.5567359139146664,0.5556381976418349,0.6174597585459171,0.3562144452655559,0.4433626077690768,0.507544500295731,0.2705730363062221,0.7251410107968719,0.0,0.47657182218475613,0.6838250937169588,0.43334175818616816,0.6964679430037052,0.5108475062189582,0.6568400164408112,0.5108475062189582,0.7092451703095001,0.5108475062189582,0.8178584323240984,0.931419417539759,0.8582009394527339,0.1516748616522766,0.47825347517681804,0.8522396313366117,0.3940947087292362,0.5509706467594235,0.8547779695882479,0.3526147311962753,0.5023668117233875,0.5108475062189582,0.6608816897521554,0.5146897726015212,0.7195731835482164,0.8675078140229457,0.5910255644807961,0.5269798878563333,0.504116218715037,0.2944682120151597,0.8233667713559139,0.6268606742562042,0.45292166123104466,0.7079613043904658,0.6653537299912529,0.68154361584062,0.7071488450820909,0.5311167011927906,0.3953157372274397,0.4600658578914888,0.4830972348235021,0.7308024641361412,0.5749512908343999,0.7255839530361435,0.7010421888076261,0.5522738432425307,0.3126926828932594,0.8872999876229233,0.7177130563742666,0.7269564929361412,0.4289676772864436,0.7640041508130596,0.7326144079672593,0.5356011543706213,0.6667765935364957,0.6571043608339027,0.5472064729377201,0.3760850355023129,0.8816198747789169,0.740807162767942,0.6311964951303116,0.6364925985687184,0.7468967092416087,0.641123793802897,0.6387839502176059,0.45463895617991773,0.700388116265349,0.5533829263151508,0.5591118534964635,0.5177631859114507,0.5459845692725314,0.7147453658852404,0.41616619455737514,0.553040486609844,0.4550382473089407,0.39705413126620526,0.7882744728586214,0.36992862775870267
1386,0.3136724913553846,0.2729163228083826,0.5349758856498069,0.4598130958821358,0.6258914106451514,0.5001570894901274,0.14858967619723285,0.5004139160678185,0.48896252039566535,0.20387148424741147,0.4947994484217766,0.24995512696103359,0.47657182218475613,0.0,0.23780499376235772,0.3841204160421252,0.38282217032864796,0.557793831600303,0.6346395951861904,0.557793831600303,0.2631109803854762,0.557793831600303,0.7595463314041038,0.9579039348603688,0.7449988254195216,0.5765225180245455,0.4934886553940543,0.8639920909471976,0.5185791117000504,0.45029608233250973,0.8710810651659198,0.5046840584702537,0.40408507697220025,0.557793831600303,0.707874046742381,0.602331180036934,0.24438729971237821,0.6914941262463636,0.6072216288064073,0.44003427890128094,0.4490302017897404,0.492630131900009,0.8412731434790909,0.477717377007694,0.34217092215484846,0.6806557161436949,0.2193047427851515,0.2251345505776392,0.23196296124625276,0.6158423961067845,0.5536897454030304,0.5733514673215165,0.28121778165916766,0.255616580300303,0.32266521448693597,0.7680744222666287,0.684939798958066,0.4593087477733324,0.5080325646475924,0.9133427606373551,0.24252717253842837,0.251770609100303,0.40708665766631186,0.611656479055024,0.26912334284522277,0.52353443791891,0.21008739558885056,0.36591649476602967,0.41062921486034343,0.5293350723776933,0.7059791379577305,0.6797470096816596,0.4727724074830303,0.34135483305719694,0.602434331897251,0.19923058537642424,0.2580555712075179,0.3562809893444425,0.5526838569027273,0.19795648469463933,0.5658341095961151,0.5987621982541266,0.46389355590847287,0.24997821479305485,0.37708864551113935,0.6227746091734064,0.38381953679701963,0.5204924225600042,0.3362468388225799,0.5052624769784327
1431,0.3995303766969963,0.3569757958099934,0.6830076512344782,0.5405257541397472,0.7116468236044788,0.5859125024494548,0.2073950129099893,0.6782400811436928,0.6172990980834366,0.3524190678721296,0.6782882588373329,0.13132267328130304,0.6838250937169588,0.23780499376235772,0.0,0.537974455553329,0.41074880519081924,0.5745373353360975,0.7374685702364268,0.5745373353360975,0.025771922218356582,0.5745373353360975,0.7990611449745156,0.9950168419901027,0.780092035126919,0.7109331472385365,0.6413503838141967,0.9078892166219246,0.6429648741135365,0.6385270976960404,0.9302067785624276,0.7117527226374136,0.5392862233835949,0.5745373353360975,0.7936294597017082,0.7158507683973309,0.09629406999336435,0.7265825693760977,0.7097829244573234,0.5809872253423927,0.6106152154585789,0.6637637012835788,0.8882323073360975,0.6710255385354529,0.5351478244020547,0.7775667394874521,0.2127506943921951,0.04158626927204763,0.13345492603073641,0.6865167121420352,0.6868770504835698,0.7234284451293288,0.42309772760939657,0.12947303585661038,0.3899851761668021,0.8538298352259561,0.7245231071483501,0.6626942884696949,0.7084296252579234,0.9669667064180502,0.16737420630961258,0.14556559650276418,0.6009609532448236,0.6835761308022301,0.08243560287335247,0.6228123155402744,0.029632225774058878,0.45217522443902436,0.47780694357724657,0.6777081053828644,0.7410675810874644,0.7773731433682596,0.5670359618250738,0.42711024601652436,0.6881427629059486,0.06788416877211531,0.38182524257202055,0.4764093657857064,0.6731519906104078,0.317799604321776,0.7127277368736243,0.6725606890790667,0.5867690551877782,0.035978990949160614,0.5390363440462242,0.691640349405461,0.5450301222218814,0.6655091694527463,0.3713352819523138,0.6805394758983222
1441,0.4910238237555269,0.238034031254155,0.29861239849938315,0.1911737445685071,0.3321760727803331,0.2032897873617328,0.45679784999039286,0.36273212719647496,0.15528268798795103,0.3271787046038412,0.26364426272523167,0.5759655408740197,0.43334175818616816,0.3841204160421252,0.537974455553329,0.0,0.5454865768288029,0.5090453149702427,0.3774391980141183,0.5090453149702427,0.5623783534859712,0.5090453149702427,0.7251788667278661,0.9214083039831884,0.7056786601760812,0.4897367816943046,0.21581818520382362,0.8312467130835199,0.4835667135713282,0.40345888718703393,0.7888609646155245,0.43479733641872276,0.41577178352817257,0.5090453149702427,0.423996878963919,0.30137746907787993,0.5674390192652776,0.7178332669872848,0.32494123876301195,0.37224067429977314,0.3690960973470788,0.27676746036830546,0.8183532481181456,0.4966983162184279,0.2574578781037959,0.6392363749122503,0.48988152639430455,0.5325815946820576,0.5539701561305412,0.30969633310304845,0.22974622283823196,0.3206757078531342,0.3847010152767329,0.5781518548503752,0.2010994271851876,0.49217249056919943,0.6326245783143594,0.42828207353401104,0.4792227873230711,0.8883356243351518,0.568169328884358,0.5777810230132892,0.17327157267170978,0.5834962498230667,0.5797878966680222,0.2763372834920128,0.5206753582659298,0.45792870429644633,0.21561142119094434,0.21055951111674945,0.7285390240536312,0.5229660205880655,0.27509775894321564,0.29474214133346666,0.5518836676766066,0.4894092050030319,0.45067782408644275,0.4311759151007355,0.4772581159663557,0.4461505736205189,0.32952406259075895,0.2947254184315214,0.1904623800145741,0.5639251950872531,0.09965047289650154,0.3155016460868342,0.20362250117166195,0.20656277815700608,0.6354479615593843,0.2350503711353024
1457,0.4178742774264569,0.35129853797600186,0.6754768633710055,0.44219701493595304,0.7179692465255478,0.595195716057885,0.3898149432954183,0.6871010853156906,0.6297292266025145,0.35447114440843586,0.6890916579694008,0.44155215185234276,0.6964679430037052,0.38282217032864796,0.41074880519081924,0.5454865768288029,0.0,0.5932975785164102,0.7055883698458075,0.5932975785164102,0.4313105655044139,0.5932975785164102,0.43687861602097344,0.978482286192081,0.747140071138475,0.7323704842600001,0.5904569994759732,0.8852310739823619,0.6638586196072223,0.630502530147901,0.9101091899903655,0.7142365244677611,0.5446564254421739,0.5932975785164102,0.781234404527539,0.716348347788988,0.4233897470432916,0.7111306140948719,0.7038506247819606,0.5579692072218925,0.55682815070188,0.6703936960318304,0.8727803520548718,0.6520381851028754,0.5430165292928205,0.7570312132736776,0.41554249957025635,0.4079748322499344,0.38554117446624103,0.6963774321989701,0.6960955518894871,0.720384408149068,0.4349823683739123,0.447969707211282,0.4032814733976353,0.830798315647025,0.313774301957531,0.6355995842611587,0.710615600405848,0.9427299077372121,0.43172376890789244,0.4421166288317948,0.6082886255204041,0.655672474633862,0.4545054518494418,0.6327403888822185,0.401351979723236,0.12301393504098379,0.4912454737710427,0.6864217128145552,0.7241085524249437,0.752959441154816,0.5631249567102279,0.4298172273393528,0.6597780010029426,0.39775715902325404,0.41314207756391524,0.49784670280716975,0.648283596534821,0.4196702496039112,0.7040678198674205,0.6830776259960867,0.5867642822812703,0.43948131095206505,0.5496047109733537,0.6989632274153492,0.5563424339541392,0.6778946434133586,0.4943185758399029,0.6935800710557987
1466,0.6139097261106993,0.5481764747726744,0.5051677501243523,0.5311976488349397,0.5363320632,0.5291463484584361,0.5710674321842982,0.49706746092499543,0.5001838306656361,0.5535781290341579,0.49892958956349387,0.5934651363561643,0.5108475062189582,0.557793831600303,0.5745373353360975,0.5090453149702427,0.5932975785164102,0.0,0.6186391250787013,0.0,0.5777501503392857,0.0,0.6874198573333333,0.7427214137935401,0.7173751879078946,0.516404698,0.5120012201128079,0.7286781361705401,0.5185833350555555,0.6185793527241128,0.7560453283110237,0.5549018796044088,0.5284365536169565,0.0,0.5985966379985281,0.5399336095614795,0.5881883006832971,0.7311809599066668,0.570292756456243,0.5370724620878797,0.5762642378074752,0.48892034972158416,0.683421812,0.6685240486324725,0.5383542178422727,0.6412719963139948,0.5677220986999999,0.5758008258967442,0.5942756165818941,0.5076690210822811,0.5116786625033334,0.5599812013153077,0.5493362466933003,0.5992007786487179,0.5286589566781481,0.6756348573214772,0.6067350766769662,0.6143379082958018,0.5327561388484403,0.7462014554093729,0.6016978790204591,0.5951578694999999,0.5211384731330111,0.6699175837853111,0.6013175807529412,0.5101320879127313,0.5735219500391724,0.5837211738657143,0.5163111692293333,0.5025030045512084,0.7469584799320863,0.6702794679562942,0.5853865517932098,0.5838031997220161,0.6597023652182725,0.5717631162949091,0.6042185130950186,0.531300663981132,0.6604987513442687,0.5715521179283098,0.5770061055346001,0.5022046389273596,0.5501069507816413,0.5839085448094594,0.5092907087605334,0.5253887102590804,0.50143573722,0.4907893174053812,0.6350086678594595,0.5189817767317918
1488,0.4910198594415285,0.38930054379384726,0.46936664324838445,0.3842462780543764,0.37797386972909086,0.35201611809551675,0.599959657004449,0.5514237195125765,0.38201211078706443,0.4971573994195208,0.44034886744145463,0.6876876648431559,0.6568400164408112,0.6346395951861904,0.7374685702364268,0.3774391980141183,0.7055883698458075,0.6186391250787013,0.0,0.6186391250787013,0.7580303305500217,0.6186391250787013,0.7642392769293873,0.6496891098373307,0.5366360334283937,0.7194518165722077,0.33885310273155395,0.5223539810831351,0.6533568777801804,0.38037140808001146,0.6348104662998537,0.470413542973106,0.5439455449706436,0.6186391250787013,0.19623902794450215,0.3662000347089305,0.7002270496160142,0.7552850979290909,0.22288898308922028,0.47035797916383043,0.3673971386705239,0.43102371783606785,0.7992055464293506,0.4815768326890859,0.43380278635225106,0.43624006264264925,0.6893756410774026,0.7060322172583328,0.6756961924062016,0.4663793194268876,0.4537859173008225,0.3041194451425693,0.6239638990499132,0.6723608238568897,0.41209467664759497,0.3754015175122565,0.7175097304234772,0.33115957959204084,0.5618039287942261,0.5758539764768661,0.6540111448398702,0.6797053272107358,0.36055425008714914,0.4140687505781477,0.6775463568401476,0.37871399588048404,0.7151541966698163,0.5985635688456401,0.44700745889717164,0.4389031710209691,0.5327400649024685,0.29199223254843926,0.20194286300943398,0.3113690214482897,0.4609392235183559,0.6695844014643116,0.46179445811773184,0.6760127719948983,0.3837172741026708,0.5865591360367715,0.24186621273434028,0.45552545422947377,0.3134319428450787,0.7310612351427178,0.3766643649658147,0.4242989217927989,0.4122160955968831,0.4400124697035012,0.5447356864486557,0.4628923332203808
1493,0.6139097261106993,0.5481764747726744,0.5051677501243523,0.5311976488349397,0.5363320632,0.5291463484584361,0.5710674321842982,0.49706746092499543,0.5001838306656361,0.5535781290341579,0.49892958956349387,0.5934651363561643,0.5108475062189582,0.557793831600303,0.5745373353360975,0.5090453149702427,0.5932975785164102,0.0,0.6186391250787013,0.0,0.5777501503392857,0.0,0.6874198573333333,0.7427214137935401,0.7173751879078946,0.516404698,0.5120012201128079,0.7286781361705401,0.5185833350555555,0.6185793527241128,0.7560453283110237,0.5549018796044088,0.5284365536169565,0.0,0.5985966379985281,0.5399336095614795,0.5881883006832971,0.7311809599066668,0.570292756456243,0.5370724620878797,0.5762642378074752,0.48892034972158416,0.683421812,0.6685240486324725,0.5383542178422727,0.6412719963139948,0.5677220986999999,0.5758008258967442,0.5942756165818941,0.5076690210822811,0.5116786625033334,0.5599812013153077,0.5493362466933003,0.5992007786487179,0.5286589566781481,0.6756348573214772,0.6067350766769662,0.6143379082958018,0.5327561388484403,0.7462014554093729,0.6016978790204591,0.5951578694999999,0.5211384731330111,0.6699175837853111,0.6013175807529412,0.5101320879127313,0.5735219500391724,0.5837211738657143,0.5163111692293333,0.5025030045512084,0.7469584799320863,0.6702794679562942,0.5853865517932098,0.5838031997220161,0.6597023652182725,0.5717631162949091,0.6042185130950186,0.531300663981132,0.6604987513442687,0.5715521179283098,0.5770061055346001,0.5022046389273596,0.5501069507816413,0.5839085448094594,0.5092907087605334,0.5253887102590804,0.50143573722,0.4907893174053812,0.6350086678594595,0.5189817767317918
1496,0.4248363633201148,0.377537556123588,0.7065790317861681,0.5610875144533419,0.7369528102275975,0.6112184890725731,0.23186983072358397,0.7035460677668114,0.6426050847065551,0.37298082818572437,0.7035942454604514,0.13411527042734833,0.7092451703095001,0.2631109803854762,0.025771922218356582,0.5623783534859712,0.4313105655044139,0.5777501503392857,0.7580303305500217,0.5777501503392857,0.0,0.5777501503392857,0.7971095158110371,0.9977470929456718,0.7788196432805137,0.716793146077381,0.6619121441277913,0.9252845710372662,0.6483589373571428,0.6638330843191589,0.9505666081474972,0.7370587092605321,0.5596460529686645,0.5777501503392857,0.8188731001343507,0.7405606534728304,0.09434244082988585,0.7293751665221428,0.7320861691516478,0.606230865775035,0.6311769757721735,0.6890696879066974,0.8910249044821428,0.6963315251585713,0.5604538110251731,0.8028103799200945,0.22378862737738095,0.06689225589516612,0.1502704776084457,0.7118226987651538,0.7123173990114503,0.7486720855619711,0.44840371423251507,0.1322656330026557,0.41571138064706353,0.8791358218490746,0.7450848674619449,0.6832560487832896,0.7336732656905658,0.9702925342292483,0.18601352532469664,0.1483581936488095,0.6262669398679421,0.7088197712348724,0.08522820001939779,0.6481183021633928,0.05493821239717736,0.47273698475261905,0.5035788657956032,0.7030140920059829,0.757079112166199,0.802616783800902,0.592279602257716,0.4524162326396428,0.7133864033385908,0.09312780920475759,0.4071312291951391,0.4822693646245508,0.69839563104305,0.32319366756538226,0.7379713773062667,0.6978666757021853,0.6120750418108967,0.03870924190472974,0.5643423306693427,0.7170806979333415,0.570336108845,0.6908151560758649,0.3741278790983591,0.7061608970452502
1512,0.6139097261106993,0.5481764747726744,0.5051677501243523,0.5311976488349397,0.5363320632,0.5291463484584361,0.5710674321842982,0.49706746092499543,0.5001838306656361,0.5535781290341579,0.49892958956349387,0.5934651363561643,0.5108475062189582,0.557793831600303,0.5745373353360975,0.5090453149702427,0.5932975785164102,0.0,0.6186391250787013,0.0,0.5777501503392857,0.0,0.6874198573333333,0.7427214137935401,0.7173751879078946,0.516404698,0.5120012201128079,0.7286781361705401,0.5185833350555555,0.6185793527241128,0.7560453283110237,0.5549018796044088,0.5284365536169565,0.0,0.5985966379985281,0.5399336095614795,0.5881883006832971,0.7311809599066668,0.570292756456243,0.5370724620878797,0.5762642378074752,0.48892034972158416,0.683421812,0.6685240486324725,0.5383542178422727,0.6412719963139948,0.5677220986999999,0.5758008258967442,0.5942756165818941,0.5076690210822811,0.5116786625033334,0.5599812013153077,0.5493362466933003,0.5992007786487179,0.5286589566781481,0.6756348573214772,0.6067350766769662,0.6143379082958018,0.5327561388484403,0.7462014554093729,0.6016978790204591,0.5951578694999999,0.5211384731330111,0.6699175837853111,0.6013175807529412,0.5101320879127313,0.5735219500391724,0.5837211738657143,0.5163111692293333,0.5025030045512084,0.7469584799320863,0.6702794679562942,0.5853865517932098,0.5838031997220161,0.6597023652182725,0.5717631162949091,0.6042185130950186,0.531300663981132,0.6604987513442687,0.5715521179283098,0.5770061055346001,0.5022046389273596,0.5501069507816413,0.5839085448094594,0.5092907087605334,0.5253887102590804,0.50143573722,0.4907893174053812,0.6350086678594595,0.5189817767317918
1552,0.7568311089250488,0.7321589857289219,0.7891076227260099,0.636432927671234,0.790225090856908,0.7176478626592646,0.7299625105081519,0.7881760066053631,0.7506235904709802,0.7352064685462603,0.8067544011808614,0.7545824582719602,0.8178584323240984,0.7595463314041038,0.7990611449745156,0.7251788667278661,0.43687861602097344,0.6874198573333333,0.7642392769293873,0.6874198573333333,0.7971095158110371,0.6874198573333333,0.0,0.993899438849932,0.829744784016726,0.8331864600790961,0.6897303853078762,0.7368348886794007,0.7602471302874293,0.7651876221496642,0.9612169883979491,0.781439258648472,0.7210840976292385,0.6874198573333333,0.8558290730396904,0.7597069255841992,0.7364200534629092,0.8090046894818079,0.7583142034515648,0.6334474254439139,0.6565673801940614,0.7866138198798881,0.8941598396836157,0.8138216877897333,0.703160314630922,0.8154883652552553,0.792245908338418,0.7803840517063252,0.6819564726267253,0.818740528667764,0.7796259927642475,0.7744259041000016,0.7574161573550602,0.7584974782462841,0.756551344094344,0.9053929841591764,0.4608426457368596,0.7562219731198039,0.7832737540130079,0.9342779605505399,0.7262296910134785,0.7551469352514124,0.693975529431123,0.8158426229341771,0.7726192601952807,0.7337413028011496,0.785269278892085,0.44268245428794417,0.7408349788677514,0.7584962135163676,0.8846662522027037,0.8227384971629408,0.7409616152508369,0.7445164057172776,0.7937509672351581,0.7887481686605998,0.7519398496100952,0.7558244736195501,0.7437682412851008,0.7349836618835897,0.7763236641987808,0.8067410716830197,0.6888897333719597,0.7901226303495419,0.7071907712916068,0.760932449993349,0.7534326875177587,0.7950005431245166,0.7604951841623454,0.8223067770820742
