,1035,1072,1133,1163,1167,1244,1314,1343,1347,1351,1365,1368,1380,1386,1431,1441,1457,1466,1488,1493,1496,1512,1552,1560,1574,1585,1607,1608,1630,1639,1650,1655,1661,1667,1730,1758,1774,1799,1806,1818,1822,1825,1864,1871,1876,1913,1972,1973,2024,2028,2074,2088,2104,2108,2118,2137,3003,3011,3012,3021,3022,3024,3031,3036,3040,3046,3048,3049,3052,3053,3059,3060,3063,3068,3073,3080,3086,3087,3090,3128,3162,3173,3191,3201,3213,3217,3222,8223,8288,8876
1035,0.0,0.2671639121187711,0.6150787215841007,0.4742385263160999,0.5895739416151748,0.47732917809295816,0.26372759707850874,0.6303492173020335,0.5563421290609634,0.30297201561664594,0.48561808492039144,0.2906366276322262,0.5232073205003069,0.22897719982421907,0.3877147250092393,0.4729080351047758,0.4057027900396504,0.6029798781844056,0.4682553126846404,0.6029798781844056,0.4139065153938212,0.6029798781844056,0.7472376718862735,0.7732388238200749,0.6376247722787883,0.6021199064386713,0.5500583784492301,0.7015961991586082,0.6584890876915716,0.3563682773923404,0.6645031087068395,0.53000540001776,0.42170729750411984,0.6029798781844056,0.5614672621107126,0.5580718028333278,0.3416800091011918,0.5528495788677623,0.48727775509060106,0.4080971768893038,0.4136293620148691,0.5593842466327807,0.5969745380851048,0.42166328551295207,0.40202866294923223,0.6198831938323736,0.3686113630102797,0.37283849790088763,0.3370779932722562,0.6603808274955182,0.6278320219314919,0.5725078057267767,0.40714170903277014,0.29885006447146456,0.3452694133341544,0.5556320137543793,0.7100484130007048,0.37985922056650456,0.6360399376001713,0.7123910066137206,0.27812163618706254,0.29844475077187643,0.4771341385089472,0.4645061055341664,0.32759444611680644,0.5460884350792568,0.3739784344170576,0.3570189380274625,0.4513018863700715,0.6440879560816267,0.5202539768525823,0.45323858553208396,0.3636502271357873,0.2621347151003085,0.5191273437849108,0.354879038842951,0.09695264097760611,0.49804376285704843,0.3055952554911858,0.27429751121184176,0.5960990583370503,0.6295627997008759,0.4024001699261128,0.40015311926203867,0.48022929687985966,0.656439529491074,0.5140609628236064,0.6074345616978547,0.27246470986042903,0.6325609980180169
1072,0.2671639121187711,0.0,0.47831790682166886,0.2252694943834314,0.42269332870653853,0.28298645109015486,0.2775585117496348,0.5076765784839864,0.3560212884610149,0.2187823677676014,0.46667374093360786,0.3798321693486205,0.6368965417380524,0.29265094463424945,0.36601000264267725,0.30015189650495505,0.35997690910963626,0.5580964853668217,0.3952368428803298,0.5580964853668217,0.38745756671773535,0.5580964853668217,0.7407425897957245,0.944319666681925,0.7072949951398753,0.7376447926930232,0.31923051458962803,0.8403347204997629,0.5918288218008592,0.4680311054218568,0.816735603228488,0.5689822541203385,0.45640170807383207,0.5580964853668217,0.4764165849863183,0.4428279816426568,0.3619611376360006,0.6912252662285272,0.3871479695287921,0.4367678267463004,0.4808214618694585,0.41919560721774196,0.7365891038730232,0.5644775074237792,0.30179119995274795,0.7010618736105807,0.31880287724511625,0.34501794313122475,0.3466528256778021,0.4609798257917672,0.42864895244500356,0.45971624250780807,0.3315099104166827,0.3681513819153717,0.1126671497890267,0.5444388340125801,0.6620439653452974,0.5022373817680456,0.6151160335520574,0.8913885880574604,0.3705640231852066,0.3749244671756131,0.3021706849442051,0.5538624212461369,0.3773468513470132,0.3349668291680965,0.3506137025172542,0.31754543066756524,0.22556502521610336,0.4449535724009438,0.6869731115827902,0.5193568817064889,0.26398677964257683,0.17599922388447176,0.5552294218381775,0.32102683304963775,0.28393390073107483,0.43138349696633616,0.4838115365098134,0.32530876682669285,0.4609818467722837,0.4023548022387893,0.3046043090206079,0.3823607672551163,0.28989122225387437,0.4521517117181342,0.3495343313163711,0.3709836491968304,0.42522588827893565,0.4322401574180684
1133,0.6150787215841007,0.47831790682166886,0.0,0.45324962954106274,0.4021686114812091,0.4633539178702512,0.5623268077464778,0.32193458380821116,0.3007417068651519,0.44058147305601386,0.2672063663967512,0.6791141625514956,0.4797716281459112,0.5837556398196386,0.6893306400881445,0.32957301668372047,0.6841426057082366,0.5056587781785066,0.533999074777858,0.5056587781785066,0.7070700598403223,0.5056587781785066,0.7882622442528195,0.896712763887571,0.8094118312569629,0.6640487027029119,0.347497428240522,0.8096458176599126,0.5160966492399004,0.5202608331995205,0.7854314378063771,0.3894229247202945,0.4707725946430521,0.5056587781785066,0.5240608200140056,0.3445316663006709,0.6849816379333433,0.826975985422912,0.4624708281716084,0.43607899057302113,0.49250954125740415,0.24226768089795198,0.6629930138829119,0.6211535940832922,0.40121897749275826,0.6543738290778968,0.6354057501296079,0.6771498017302607,0.6786842890316139,0.39502490401900847,0.2859661334478757,0.2916942106889807,0.46245733263016187,0.692704756167122,0.48135216442145323,0.5965998532836303,0.689049810380429,0.5541752075012193,0.39488839851230434,0.8442596067153934,0.6723392557556795,0.671602894696071,0.32716762071132754,0.7110285514646904,0.7166832879969535,0.44432162313754237,0.6651762592912442,0.601023075290257,0.44550013390795684,0.27712862613168937,0.8433400249167613,0.5947882047195665,0.4606011238490185,0.4670068328274529,0.653646838981124,0.6347322941928806,0.5891611637280638,0.5403613839968459,0.596073371573768,0.5438955423734538,0.4185469074628141,0.4439055000608826,0.36403047253500237,0.7070324493482042,0.273645631447711,0.4094978119831527,0.32128623379777427,0.28827547126472913,0.7375924068324844,0.2817207881939223
1163,0.4742385263160999,0.2252694943834314,0.45324962954106274,0.0,0.3257953553737608,0.19464962807243555,0.4807528697421676,0.4895624561003383,0.277391453585238,0.4130466481852232,0.4497873661373488,0.5639166639828486,0.6279727992909447,0.4767354392684775,0.5505288417958741,0.2669859456584574,0.45184426689303053,0.5420865402525301,0.38171775392899776,0.5420865402525301,0.5719764058709322,0.5420865402525301,0.6486582271279218,0.9508938028969606,0.7090690656645262,0.7242281986761445,0.17701457509867943,0.8460043907065846,0.5656220359198962,0.48249082660794984,0.8202122259010947,0.5711733999008737,0.47483412482756415,0.5420865402525301,0.39633566664728836,0.35918281800511076,0.5481542726870805,0.7188227289142168,0.29590591003906974,0.4478153103502408,0.4653468500737928,0.4001924796094715,0.7216067155501205,0.5911145095268416,0.31424953314994497,0.7073179922763424,0.5033217163983132,0.5303537680753847,0.517872598452014,0.37135817743581384,0.35639476089236216,0.4615450603503155,0.45107074013539056,0.576837725834382,0.16935175929871482,0.4967386353491279,0.5633261401957059,0.517434374773507,0.5963654206334121,0.8982712277243278,0.5569181536777901,0.5590089618098412,0.26070595714236483,0.5732044607979743,0.5910900304126151,0.2470056747095984,0.533187692268098,0.3524150677422768,0.16823248610247926,0.3661912220321183,0.7331269585547534,0.5321139273181729,0.3059807595828521,0.3527063713052886,0.5633685744231749,0.5136297498114041,0.48711258350483777,0.4857142088737531,0.496580362357235,0.5374738641082573,0.41438856807402646,0.2889027761467554,0.275932295541686,0.5710996668681677,0.27443107970126024,0.35312381610034344,0.32790906084084204,0.259676394871,0.6262231641830283,0.37107346247745643
1167,0.5895739416151748,0.42269332870653853,0.4021686114812091,0.3257953553737608,0.0,0.2496127562778478,0.599013020314531,0.45215911339797954,0.23460268277024848,0.5653333697996028,0.38889348962868237,0.6855826132851806,0.5741509563534571,0.5977017130290909,0.70797684938847,0.3232924170859865,0.7139434366104895,0.5335478927454546,0.419494617364752,0.5335478927454546,0.7341686397730519,0.5335478927454546,0.786104536473888,0.9077659525889676,0.8182438755919904,0.6749919389018182,0.29451258601121644,0.818474466171242,0.6051716115056314,0.5713003175574046,0.7918912270588689,0.5141401581783958,0.604304715344585,0.5335478927454546,0.4010649895335616,0.17423607646190403,0.683111391158036,0.8285764416218182,0.3035263115044997,0.5394949718368093,0.6089039633762422,0.37693676342085913,0.6739362500818182,0.7032882826184965,0.4262590764278219,0.7403024732803303,0.660769723990909,0.6925504935359323,0.6699646382585203,0.23657937308519864,0.28515023874837464,0.3812129435935516,0.5966524288577577,0.6939919124335314,0.38862617149460044,0.49220312219622936,0.7184671100206537,0.6095822683297243,0.505837995183653,0.849706234624743,0.6721904004397236,0.6799752355704546,0.2925157915857034,0.6971383672596172,0.7072960815865954,0.2308650006714233,0.6895277798550471,0.6009992693610389,0.2964139585995714,0.2808741167362939,0.8549280610083387,0.56916886613898,0.3956975822782211,0.42414222900069376,0.6616950081745135,0.660392622236,0.6014242063563603,0.6398404535497769,0.5970435073635572,0.6466950038755441,0.36109159063244134,0.20020069680733232,0.31965813826891254,0.7256902193702786,0.34479509718639284,0.2261963437985998,0.4508911870177786,0.22358063504906722,0.7461438972164127,0.31157409033728434
1244,0.47732917809295816,0.28298645109015486,0.4633539178702512,0.19464962807243555,0.2496127562778478,0.0,0.521634733645142,0.4837523136844424,0.24114258806455335,0.48816080746243995,0.4492567043450766,0.6046490044930257,0.6213310468364553,0.5171847956938294,0.6042712196233142,0.28004830218390764,0.613198597532695,0.5483908693937589,0.35743411071726816,0.5483908693937589,0.6304630100078961,0.5483908693937589,0.7355559770672427,0.907898617099683,0.7084744808081138,0.7127331143240889,0.23260638365668812,0.806412325228548,0.5571992854805718,0.47298739270249246,0.7761344395870212,0.5094518440419986,0.5233711065524302,0.5483908693937589,0.336060592717766,0.2710144319615138,0.6021777823658812,0.753516446438637,0.18795143072839912,0.4352977973265266,0.5021098060559195,0.39587204383918306,0.711677425504089,0.601012901112723,0.3499973081538862,0.66597150184601,0.5570640942257532,0.5893949925149626,0.5909117423778344,0.30878833638968434,0.3547395441534434,0.4317752348479139,0.5060301822255051,0.5916764444391792,0.21744748172056805,0.4346835081169272,0.6749148868358972,0.5229513595625916,0.5753611410435286,0.8620415147061702,0.5936311107344189,0.599458318235193,0.2388266417930638,0.5814920557388985,0.5875121173212005,0.12261775363379987,0.5926755059607876,0.5152583007975302,0.1750372462958273,0.3792953486728286,0.7421996263014331,0.49370221181554075,0.3200976985799767,0.35455432189983116,0.5822606574041286,0.5714355334570259,0.48577789483564154,0.5361348237846212,0.49625890057770033,0.5354740328008799,0.4136700433535693,0.15665896205397234,0.256661401265584,0.6206982474326901,0.2884033974152866,0.30182386699897246,0.3908846806740289,0.22793504359587707,0.6331857147866032,0.3681552643825097
1314,0.26372759707850874,0.2775585117496348,0.5623268077464778,0.4807528697421676,0.599013020314531,0.521634733645142,0.0,0.5802770375472712,0.5132587343682675,0.24735801152480702,0.5278461846731638,0.1581593494384583,0.5886909894639163,0.13700662316767942,0.2066636626554664,0.4203419636310086,0.3914263465244602,0.564504121130263,0.6213296112012691,0.564504121130263,0.22530651966954887,0.564504121130263,0.7251609169406883,0.9172036139599442,0.692615020458123,0.7031931977204385,0.5233729875350007,0.8161411190881582,0.6111349999641374,0.5021151994305297,0.813098248047836,0.562827564307826,0.40651044315341184,0.564504121130263,0.6873401536056676,0.5513275599620373,0.15727890546094853,0.6540636139014913,0.5883065116288334,0.42555462699683455,0.4677873732058972,0.5256865554373591,0.6982614812411403,0.5344770693289196,0.3865221988135273,0.6506168980706755,0.18804152666184207,0.1826535557532709,0.1566329589314887,0.6297762011932098,0.6060133612110224,0.5564685035180372,0.33007869234787146,0.16403995091750784,0.35543216298004876,0.7561095758492284,0.6938769340221496,0.5026274360527201,0.5727196703842731,0.8627171231486579,0.14902767743948367,0.15283612428862842,0.46455005301096153,0.5706505074807735,0.19617294950623837,0.5513682711862864,0.1757202317836884,0.36779673150354636,0.44478004884221634,0.5845067691059319,0.6653368720789896,0.6450449391958772,0.4343629317242183,0.30317628208400876,0.5433024280206032,0.15592804675298083,0.2383881680132042,0.45068967512961433,0.49242553542888945,0.21237907532331873,0.5848287570079439,0.644730830480283,0.41766931396753865,0.2121238329041133,0.42709447627755087,0.6216524285824133,0.4506566426609344,0.5848617680832578,0.2799291386052229,0.5980664538763031
1343,0.6303492173020335,0.5076765784839864,0.32193458380821116,0.4895624561003383,0.45215911339797954,0.4837523136844424,0.5802770375472712,0.0,0.34898281193301967,0.48328763535774694,0.3538733860631385,0.6991838182924364,0.46990694101651953,0.5694124068227372,0.6837345880255872,0.4036963370616632,0.6929621437809327,0.5003617630307265,0.5765435779363688,0.5003617630307265,0.706889201897974,0.5003617630307265,0.7872176614435135,0.923612025724523,0.8420313150711953,0.6883931577257675,0.3969867026078218,0.8247992219219404,0.4277678774978709,0.4844092626840226,0.8001441819513323,0.3235238313197421,0.5178028488541575,0.5003617630307265,0.5742143556378885,0.3881162096714693,0.6971640171577739,0.8522540655822616,0.5017911151149959,0.47370169750816127,0.5300796998288044,0.3130450369843742,0.6881771656680563,0.6346362350278452,0.35484216864383145,0.6896952671618884,0.6322319072420799,0.6739388808054374,0.6922765846241279,0.4074814763488284,0.3422600637506391,0.3770464402146203,0.4698066457036605,0.7100346434358672,0.5082628228974558,0.6444127755522282,0.6976592159653694,0.5480681092863698,0.35144435664498785,0.8570406270841338,0.6937260609314904,0.6942161511566928,0.328522834717967,0.7289303515718101,0.7197647853335721,0.46442951413245537,0.6596999760053914,0.6042933387207687,0.47859682646313995,0.30485751413966233,0.8717611331183654,0.644030637295189,0.531168326271412,0.5413688950976896,0.69155520250174,0.629290781442759,0.6066632015992497,0.45786660542946733,0.6138934690486306,0.581122993970034,0.4772109822343028,0.46260877445256104,0.4414473032789703,0.7023232062026924,0.3568724320149738,0.45445545641914026,0.3862044375974474,0.3482025185763156,0.7641432520526964,0.3108313689522652
1347,0.5563421290609634,0.3560212884610149,0.3007417068651519,0.277391453585238,0.23460268277024848,0.24114258806455335,0.5132587343682675,0.34898281193301967,0.0,0.40030869151839876,0.29714634252012667,0.6378706244288258,0.5192395696445066,0.5366581602868452,0.6131293988845496,0.18237585328903627,0.6252036917045782,0.4968999352282126,0.44010819308032156,0.4968999352282126,0.6393211892691316,0.4968999352282126,0.746003288506212,0.9123893306334916,0.7736230839883436,0.685579828698293,0.18395602805441683,0.8109030387623566,0.4822475696973631,0.4927260179125679,0.765055000206176,0.42689505683186685,0.47209591662876005,0.4968999352282126,0.43250387329530715,0.19994758284203817,0.6355598317183749,0.7899638981944606,0.3024495906741371,0.41807553366609185,0.4986709253155638,0.2927897310295837,0.6845241398782931,0.5993449829736597,0.36300461084624114,0.616064311224996,0.5659222734869888,0.6023230013390187,0.6273591941336578,0.22009536445066974,0.1751791365017567,0.29046963508216606,0.45448557025275965,0.6401138410031221,0.31815839827487924,0.5236420059579748,0.6297273651147424,0.5228043125771324,0.45277143869531233,0.8645391575185455,0.6296906286049053,0.6329629222558183,0.20912032066945713,0.6585174793639272,0.6493093104347636,0.22580179980642515,0.5916025975766992,0.5384902588426921,0.23593991157636068,0.20119346113012695,0.8044303526678499,0.54028475838921,0.35837849212291734,0.3608277009819964,0.614177972617477,0.5658403698811062,0.5316578994598995,0.5169164117415088,0.5365835333056039,0.5129343179074868,0.30004783317177164,0.27725841069894347,0.2125577892214744,0.6354255173128924,0.1639642288009588,0.21760428929933812,0.26668798475981526,0.14495236524129762,0.6983343179668329,0.17083903359195374
1351,0.30297201561664594,0.2187823677676014,0.44058147305601386,0.4130466481852232,0.5653333697996028,0.48816080746243995,0.24735801152480702,0.48328763535774694,0.40030869151839876,0.0,0.4295338455286102,0.36263474635001225,0.5519862458591869,0.2750236820598836,0.357818022475326,0.35253875908765786,0.362212852495197,0.5531451228378421,0.5477337916221858,0.5531451228378421,0.37254782198940856,0.5531451228378421,0.7346820240152312,0.9109082815467507,0.6553571659713158,0.7299511853578421,0.4303879222162683,0.804035965866432,0.5499736626541725,0.4647721609895824,0.8445987871691144,0.4976808802903806,0.3427714652469679,0.5531451228378421,0.6313189524697378,0.5278410699855649,0.34476371463739225,0.6837573888252105,0.5797529089951121,0.3922826190674963,0.41345515768714125,0.41032095880370767,0.7282114916567894,0.5207282330697882,0.35915196620795276,0.5905489507271761,0.321398183569421,0.34423318444981765,0.33845658903020165,0.5644141987197928,0.45191807192575917,0.38880841904517977,0.26429179283590143,0.37308082868158704,0.304367884898154,0.7462986032583863,0.6646634399928865,0.4696002365186477,0.44216913001769914,0.8554443999754009,0.3530717192878504,0.3577270441770048,0.3970864827971698,0.5464641037977942,0.3840902433364179,0.5257551578728519,0.3281983694416243,0.32500708284185925,0.37837518664467257,0.4380377428406884,0.6540965738377967,0.6074688468851176,0.37006286881725275,0.28494527257049995,0.49321412184660063,0.29369896096733494,0.2788150247468289,0.38952833781964946,0.4733182659253395,0.21316396654676426,0.4863456527404,0.5902671751740123,0.40075351001736725,0.3446481222662015,0.2804120833647789,0.563710299318372,0.3217234711055622,0.4286958143987182,0.4321621426513841,0.46393590708559457
1365,0.48561808492039144,0.46667374093360786,0.2672063663967512,0.4497873661373488,0.38889348962868237,0.4492567043450766,0.5278461846731638,0.3538733860631385,0.29714634252012667,0.4295338455286102,0.0,0.6299088068875799,0.3261594644338578,0.5017033999477036,0.6949546127303883,0.30996224684610774,0.6887730665805887,0.5086127486323457,0.37003810088440003,0.5086127486323457,0.7151738440354762,0.5086127486323457,0.7587952634356978,0.7307235966994261,0.7057703739262677,0.515848822994321,0.3195171646062618,0.6416676962868314,0.5551302783814382,0.3870680210090215,0.623713477835535,0.3438044679406592,0.39236249818028557,0.5086127486323457,0.39486188464745353,0.31840515274938974,0.6602880368205785,0.7097215461266666,0.3890602704230495,0.40436587628133225,0.3904159359313897,0.2274633601342266,0.5474035798632099,0.4807370485598118,0.35282785222294877,0.5295358950894979,0.6416450196607406,0.6663883126142647,0.6536437382523373,0.42059809313574126,0.3174605550049203,0.24904634873773687,0.5119388289891278,0.6336739374611862,0.4798429239758024,0.47674303619545594,0.6936802712527812,0.374382838998148,0.3829704802370357,0.6793372258202002,0.6076306864365394,0.6117042368025758,0.31625230532137316,0.5816047211855164,0.6804431069129382,0.41297702308913575,0.6634961824479539,0.5813199873502716,0.4576707537039506,0.29021268257016253,0.6716692475356496,0.4281479414603966,0.39366077581127157,0.4192118699169043,0.552654141356699,0.6412612536589181,0.4697853894007615,0.5739044534392108,0.46533526590931884,0.49897662661309883,0.36501701902480743,0.4619731551467581,0.3107793360961354,0.7053774422633333,0.2788134086113605,0.4003232216435726,0.2954281751539889,0.29459564360138357,0.5677528151346373,0.325748183501547
1368,0.2906366276322262,0.3798321693486205,0.6791141625514956,0.5639166639828486,0.6855826132851806,0.6046490044930257,0.1581593494384583,0.6991838182924364,0.6378706244288258,0.36263474635001225,0.6299088068875799,0.0,0.6586725150961146,0.180740832022034,0.12136309437701304,0.535528173342389,0.43194840864710216,0.582619753690411,0.6823583137445712,0.582619753690411,0.12326988776159493,0.582619753690411,0.7457676577100518,0.9247405519408058,0.6983670872403878,0.6885435778542466,0.639770982582677,0.84000978093476,0.6489414331735883,0.5772886602944078,0.8643509087380995,0.6549282394325843,0.4378763507588683,0.582619753690411,0.7485115190065883,0.6762592906808729,0.05183563890218407,0.6448013869084931,0.6606099560119512,0.5494953767876679,0.5482627996872556,0.649663140018999,0.6839273156808219,0.6223993590182184,0.5069382711372408,0.7136332034688797,0.22976986066164382,0.11443770198959163,0.09124559282004704,0.719254767138755,0.7172961515586134,0.6681517380132342,0.43693540990457186,0.037580100967406035,0.43494755100090304,0.8074934350258794,0.7457732829983899,0.6071559402159666,0.6583615156927285,0.8625796043813598,0.0688509780331031,0.03138138889673097,0.5668122761756959,0.627831958980742,0.10270081228263227,0.6471787145520143,0.1075032593365555,0.44370748543091976,0.5306572014354216,0.7069079382147132,0.6821191082826659,0.7145061074568461,0.5241789538968891,0.3760231368262583,0.6259637341297739,0.11662470430163387,0.2849353257892304,0.4882505979223985,0.5591182863185716,0.27295149243550065,0.6768570735535645,0.7192409373676248,0.5100337532349162,0.11078452265683944,0.5398242209015881,0.7153005094515288,0.5731150267611802,0.6971126993646034,0.28635489624362825,0.7103173851576486
1380,0.5232073205003069,0.6368965417380524,0.4797716281459112,0.6279727992909447,0.5741509563534571,0.6213310468364553,0.5886909894639163,0.46990694101651953,0.5192395696445066,0.5519862458591869,0.3261594644338578,0.6586725150961146,0.0,0.4950820836924048,0.7241153163922951,0.5102438545276959,0.7019622743773481,0.540914990313013,0.5693879006319027,0.540914990313013,0.7439959091938986,0.540914990313013,0.7592337850627942,0.6083350364016372,0.7502128441823295,0.25679550149891334,0.5312611463932879,0.6859860996947543,0.5643615777106294,0.4391185291127633,0.5033644174284675,0.415306580832566,0.513280555807309,0.540914990313013,0.6023147402628748,0.515104534084891,0.6890517450291131,0.5201847150765375,0.5709239799340775,0.4463044185497893,0.49879102150702925,0.47068173052562406,0.3387678047910103,0.42825932475533673,0.48522373788497036,0.6077820895006143,0.7002185588450741,0.7124236206299445,0.6839792753463427,0.6049406084172372,0.5296272857090127,0.4888697458335458,0.5649843046571569,0.6760370920567825,0.6504556017827368,0.513336206367101,0.6950142821733705,0.4242753870940775,0.4305213403352487,0.597926558789291,0.637907866580657,0.6404679450111105,0.4571530077691881,0.673158882357795,0.7228646184584223,0.6131464862068108,0.6934740758846593,0.6404842300780844,0.6331387031499182,0.5085562431152196,0.6080374447868031,0.5204940723196829,0.6009154570679152,0.5969444160069781,0.6617820782625835,0.6800086073718785,0.5295967520989469,0.5828902423517355,0.4266716767019846,0.580863433539847,0.5375441373004265,0.6228955024826739,0.5084129161499255,0.735409181498895,0.5003066042271954,0.6189038384000329,0.5203746051657039,0.5104670437193088,0.6545241656544585,0.4884290744191154
1386,0.22897719982421907,0.29265094463424945,0.5837556398196386,0.4767354392684775,0.5977017130290909,0.5171847956938294,0.13700662316767942,0.5694124068227372,0.5366581602868452,0.2750236820598836,0.5017033999477036,0.180740832022034,0.4950820836924048,0.0,0.24337465213877307,0.43659985216268515,0.37736183209692303,0.5632019419200001,0.5801158428324026,0.5632019419200001,0.269566442523355,0.5632019419200001,0.7245275724050848,0.8957333389768088,0.6686889541515437,0.6365687813284848,0.5450666647349409,0.7942470471056738,0.5551382603792171,0.42958576880473603,0.7883315869878884,0.5042457272605209,0.39915621734389983,0.5632019419200001,0.6501743127853679,0.5849958851249732,0.2107424253872451,0.6143503426266668,0.5675993992798273,0.4432672020974262,0.4680773613310216,0.539563652650573,0.6495847423654546,0.4831808476458558,0.360988127088125,0.6366837570564691,0.23308635389272725,0.22986030707693306,0.2043564413648718,0.6487532098325112,0.6129924601775758,0.5738621402352919,0.3479121847053523,0.2013882880468104,0.347766326286532,0.7091562288046591,0.6817074550579775,0.4524592613080122,0.5320702268581706,0.8453388224753453,0.1624173005405261,0.16215862536924244,0.4399006627993714,0.5336341403352791,0.24843515178787873,0.5651171125087542,0.2274115974086604,0.3596592351601979,0.4490675056301415,0.6105322300340583,0.6413046606914867,0.6276728395885668,0.4306343024989394,0.30432603889568177,0.5616939948357274,0.2179764983361212,0.20700539192191691,0.39444742512802744,0.48608664235570487,0.22174378092631666,0.5450663588931576,0.6320597126532534,0.43085465209694573,0.2601014164456265,0.45149952853316966,0.6448119118280669,0.45841356975869463,0.5928090079835656,0.25590385196180176,0.5657957075341867
1431,0.3877147250092393,0.36601000264267725,0.6893306400881445,0.5505288417958741,0.70797684938847,0.6042712196233142,0.2066636626554664,0.6837345880255872,0.6131293988845496,0.357818022475326,0.6949546127303883,0.12136309437701304,0.7241153163922951,0.24337465213877307,0.0,0.5590164547437904,0.41110464088986864,0.5754231390975609,0.7414315605078856,0.5754231390975609,0.026657725979819993,0.5754231390975609,0.7986105422086345,1.008851369487703,0.7803548361523824,0.7719018216175609,0.6526539314257875,0.9099508247525063,0.6422433768952778,0.6439052345376592,0.9249831474061916,0.7170386627080937,0.5276420028610603,0.5754231390975609,0.8068935082356562,0.7139995881976274,0.08959152562727896,0.7274683731375611,0.7268250674840095,0.584226008096856,0.6344156474852197,0.6608121885644918,0.770846132797561,0.6874991128082619,0.5388497048028071,0.7787329572589232,0.21363649815365854,0.04127604306816561,0.13191909265878088,0.6987712721598002,0.6888772210824095,0.7159091553079873,0.42626490318955396,0.12516133574290286,0.40245082469978316,0.8658754242549473,0.7249295152411563,0.6692663634914762,0.7040490844812888,0.9631258550626713,0.15799353000206598,0.12888283328619732,0.6025628448201632,0.6862139482098097,0.08568333037363941,0.647787476028672,0.03399620027977797,0.44879565264858134,0.5002684916103631,0.6849438172800271,0.7544226912023811,0.784392035038855,0.5724908252788572,0.43294220681603657,0.6899291295717529,0.0737161295716275,0.3800865634755759,0.47729516956075474,0.6561963836955846,0.3216544460225352,0.7214697580559366,0.6945868317196606,0.5805780100141937,0.03534551441296638,0.5405316656414032,0.6954949669323297,0.550862083026009,0.6748089877337043,0.3690218824726961,0.6780763609298853
1441,0.4729080351047758,0.30015189650495505,0.32957301668372047,0.2669859456584574,0.3232924170859865,0.28004830218390764,0.4203419636310086,0.4036963370616632,0.18237585328903627,0.35253875908765786,0.30996224684610774,0.535528173342389,0.5102438545276959,0.43659985216268515,0.5590164547437904,0.0,0.5631690183770012,0.5236958409108609,0.4253334462864441,0.5236958409108609,0.5775883918769206,0.5236958409108609,0.6941072885768786,0.9049069510109368,0.6756055807316925,0.6602277168826931,0.26540869095485603,0.8029724407442498,0.5129243674247921,0.3998560809602525,0.7631276459723152,0.4438253421929652,0.4035379700547653,0.5236958409108609,0.47200158462749686,0.28473009616710643,0.5299138215477555,0.6883831902788963,0.3751248583700916,0.35668731244600893,0.3632594309004178,0.3340951100073722,0.6687931893569978,0.47167647373692034,0.2815716123497096,0.6051205551758205,0.5050915647852539,0.5470015750520801,0.5278068552496826,0.3337289095673285,0.2833205493035842,0.3117419302108306,0.40025098621518623,0.5439703257121433,0.29472162663596757,0.5407145154166517,0.6506399787308291,0.4326804611778275,0.4739467910334589,0.8552463075710635,0.5310129312890541,0.528924375574111,0.20171481757343412,0.5763289034328122,0.5548770854454772,0.32398320681921017,0.5317802159884263,0.46418643204110377,0.2529929242587638,0.29010435488241926,0.708640376884883,0.5216695737531476,0.2760341698955061,0.26529206462507815,0.5182108135479935,0.5046192433939811,0.4269699409737096,0.45814651244566695,0.45833944037844154,0.4454833240859317,0.3029840462651704,0.39839836733626793,0.14874885483859845,0.5683174053435421,0.12162416758289671,0.3298563674303052,0.23373560723382045,0.2933744375352787,0.6027986816099147,0.2715228078893058
1457,0.4057027900396504,0.35997690910963626,0.6841426057082366,0.45184426689303053,0.7139434366104895,0.613198597532695,0.3914263465244602,0.6929621437809327,0.6252036917045782,0.362212852495197,0.6887730665805887,0.43194840864710216,0.7019622743773481,0.37736183209692303,0.41110464088986864,0.5631690183770012,0.0,0.5945392179769231,0.7069082042234116,0.5945392179769231,0.43255220496492675,0.5945392179769231,0.4367838489541417,0.9926726493887308,0.7477587078629879,0.7568057020353847,0.6014047113885146,0.887648517811993,0.6634929580880128,0.6342198233274897,0.9049013474504058,0.7184696564992841,0.5326745964935562,0.5945392179769231,0.7941426173624375,0.7174910592190169,0.41704303837625556,0.7123722535553847,0.7205369321095974,0.5612294735894396,0.5829713362120855,0.6639862612770602,0.7557500132153845,0.670854512859249,0.5442870427066449,0.7588337189473863,0.41678413903076916,0.4075397730373309,0.3843611767933349,0.7109747457002997,0.6977398867892775,0.7145344083169166,0.4404922974376344,0.44401384279662387,0.4153912862315669,0.8424880689769667,0.31382487435128775,0.6391010188327779,0.7075006042136955,0.9393280536486321,0.4226989282993952,0.42578970131427735,0.6095346813966943,0.6579544563423924,0.4581090150487782,0.657359713671567,0.4076522860849902,0.11927852755149138,0.5142551324609572,0.6960001781952827,0.7378194982389098,0.7596224971263619,0.568223984464962,0.43799194162242966,0.6639071211523117,0.40593187330633096,0.41104756276842125,0.4990883422812675,0.6309721539209485,0.4238809270037197,0.7151525945332974,0.704747932937631,0.5813923345670828,0.43920367011492023,0.5534427860520974,0.7051605984257825,0.5645171482418314,0.6868386259952672,0.4923610120593347,0.6907611203883125
1466,0.6029798781844056,0.5580964853668217,0.5056587781785066,0.5420865402525301,0.5335478927454546,0.5483908693937589,0.564504121130263,0.5003617630307265,0.4968999352282126,0.5531451228378421,0.5086127486323457,0.582619753690411,0.540914990313013,0.5632019419200001,0.5754231390975609,0.5236958409108609,0.5945392179769231,0.0,0.6232634865791559,0.0,0.5777501503392857,0.0,0.6860834508059888,0.755670137529677,0.7167521851718948,0.56620552252,0.524190571485862,0.7298539405396585,0.5169760340758334,0.6215583561698387,0.7544034085152755,0.5577549181788746,0.5195871173817391,0.0,0.6127464902939395,0.5358370190078966,0.5805999525557484,0.7311809599066665,0.5882207032443925,0.539744666533203,0.5942327090346039,0.4865504593778218,0.5651498336999999,0.6791656621057692,0.5427382502620643,0.6366062532859535,0.5677220987,0.5763764034543255,0.5933307929962117,0.5140916203005338,0.5145646368636364,0.5498928821702977,0.5466714614739454,0.594003274773547,0.5420104089725926,0.6885662501119318,0.608027288531236,0.6183555480595627,0.5224379412172477,0.7402966863460133,0.5921550619432425,0.5775893025219696,0.5236261684698141,0.6734412049543541,0.6036795044917647,0.5359930521625926,0.5720539637453792,0.5812274058367346,0.5374082715848889,0.5078657578214905,0.7565099094717266,0.678184163388353,0.5917272190084568,0.5838031997220161,0.6556567710845645,0.5717631162949091,0.6033656377600374,0.5313006639947169,0.644428948190909,0.5745211558676055,0.5799161659174,0.5251165853294166,0.5417645328573253,0.5823892645118018,0.5049540695562,0.5234113669864368,0.5014357372246154,0.5009749394478027,0.6318094646183784,0.5174044655248184
1488,0.4682553126846404,0.3952368428803298,0.533999074777858,0.38171775392899776,0.419494617364752,0.35743411071726816,0.6213296112012691,0.5765435779363688,0.44010819308032156,0.5477337916221858,0.37003810088440003,0.6823583137445712,0.5693879006319027,0.5801158428324026,0.7414315605078856,0.4253334462864441,0.7069082042234116,0.6232634865791559,0.0,0.6232634865791559,0.7628791245829437,0.6232634865791559,0.7651792719237753,0.6566414481024172,0.5825264852486295,0.6643278462246104,0.3555679189834416,0.5143841649273129,0.6693735104419661,0.39650411294480936,0.6183060959308226,0.4808028784295885,0.5530497154183088,0.6232634865791559,0.2024899138479004,0.420579064241552,0.6973157309586077,0.7422197548840909,0.24248231872948842,0.4748735490499118,0.40592467284255496,0.4326189715174071,0.6671314130713637,0.5044728225054345,0.4459961410107278,0.4554040570830529,0.6942244351103246,0.7103054337336735,0.6784240135432649,0.5376692037601403,0.5010501195769914,0.4087456729035011,0.6509223559783373,0.6756628148078033,0.4127156239610606,0.3565922449112175,0.7210575591327177,0.36573692131035385,0.580442594764577,0.571314973230804,0.6485992878264025,0.6666659111920347,0.38345830279087123,0.4185421660339542,0.691295415451109,0.38122237764443245,0.7294878344315661,0.6082555778778571,0.44673206044975905,0.5152882997011522,0.5360747173543432,0.27973638989775323,0.2520040921013885,0.3741585122126404,0.5162669522202654,0.6891817364834155,0.45546230345500144,0.6876567746777689,0.3770841072755139,0.6127100311793388,0.37398367900837404,0.4646108723178748,0.37164810433646445,0.7343280374545589,0.4465719101189056,0.4909532061196335,0.4842110817622927,0.4461462536577313,0.5353149097968602,0.5174009924167632
1493,0.6029798781844056,0.5580964853668217,0.5056587781785066,0.5420865402525301,0.5335478927454546,0.5483908693937589,0.564504121130263,0.5003617630307265,0.4968999352282126,0.5531451228378421,0.5086127486323457,0.582619753690411,0.540914990313013,0.5632019419200001,0.5754231390975609,0.5236958409108609,0.5945392179769231,0.0,0.6232634865791559,0.0,0.5777501503392857,0.0,0.6860834508059888,0.755670137529677,0.7167521851718948,0.56620552252,0.524190571485862,0.7298539405396585,0.5169760340758334,0.6215583561698387,0.7544034085152755,0.5577549181788746,0.5195871173817391,0.0,0.6127464902939395,0.5358370190078966,0.5805999525557484,0.7311809599066665,0.5882207032443925,0.539744666533203,0.5942327090346039,0.4865504593778218,0.5651498336999999,0.6791656621057692,0.5427382502620643,0.6366062532859535,0.5677220987,0.5763764034543255,0.5933307929962117,0.5140916203005338,0.5145646368636364,0.5498928821702977,0.5466714614739454,0.594003274773547,0.5420104089725926,0.6885662501119318,0.608027288531236,0.6183555480595627,0.5224379412172477,0.7402966863460133,0.5921550619432425,0.5775893025219696,0.5236261684698141,0.6734412049543541,0.6036795044917647,0.5359930521625926,0.5720539637453792,0.5812274058367346,0.5374082715848889,0.5078657578214905,0.7565099094717266,0.678184163388353,0.5917272190084568,0.5838031997220161,0.6556567710845645,0.5717631162949091,0.6033656377600374,0.5313006639947169,0.644428948190909,0.5745211558676055,0.5799161659174,0.5251165853294166,0.5417645328573253,0.5823892645118018,0.5049540695562,0.5234113669864368,0.5014357372246154,0.5009749394478027,0.6318094646183784,0.5174044655248184
1496,0.4139065153938212,0.38745756671773535,0.7070700598403223,0.5719764058709322,0.7341686397730519,0.6304630100078961,0.22530651966954887,0.706889201897974,0.6393211892691316,0.37254782198940856,0.7151738440354762,0.12326988776159493,0.7439959091938986,0.269566442523355,0.026657725979819993,0.5775883918769206,0.43255220496492675,0.5777501503392857,0.7628791245829437,0.5777501503392857,0.0,0.5777501503392857,0.7957731092836925,1.0106958166818087,0.7781966405445138,0.7738086150021428,0.6741014955008456,0.9264603754063847,0.6467516363774206,0.6670598484100461,0.948924688351749,0.7401932765804805,0.550796616733447,0.5777501503392857,0.8330229524297619,0.7370601644668666,0.08675409270233705,0.7293751665221428,0.7500141159397975,0.6090301174083282,0.6491454469993022,0.6870039789490735,0.7727529261821429,0.7069731386318681,0.565041495187389,0.7981446368920534,0.22378862737738095,0.06746783345274751,0.14932565402276352,0.7182452979834065,0.7152033733717533,0.738649846853758,0.44573892901316026,0.12706812912748477,0.429062832941508,0.8920672146395292,0.7463770793162146,0.6876767510543392,0.723460764114419,0.9644221686597297,0.17647070824748,0.1307896266707792,0.6287546352047452,0.7123433924039154,0.08759012375822131,0.673979266413254,0.053470226103384255,0.47024321672363945,0.5246759681511588,0.708376845276265,0.7666305417058393,0.8105214792329607,0.5986202694729629,0.4524162326396428,0.709340809204883,0.0931278092047576,0.40627835386015787,0.4822693646381357,0.6823258278896903,0.3261627055046781,0.7408814376890667,0.7207786221042426,0.6037326238865806,0.037189961607072095,0.5600056914650094,0.7151033546606979,0.5703361088496155,0.7010007781182863,0.370928675857278,0.704583585838277
1512,0.6029798781844056,0.5580964853668217,0.5056587781785066,0.5420865402525301,0.5335478927454546,0.5483908693937589,0.564504121130263,0.5003617630307265,0.4968999352282126,0.5531451228378421,0.5086127486323457,0.582619753690411,0.540914990313013,0.5632019419200001,0.5754231390975609,0.5236958409108609,0.5945392179769231,0.0,0.6232634865791559,0.0,0.5777501503392857,0.0,0.6860834508059888,0.755670137529677,0.7167521851718948,0.56620552252,0.524190571485862,0.7298539405396585,0.5169760340758334,0.6215583561698387,0.7544034085152755,0.5577549181788746,0.5195871173817391,0.0,0.6127464902939395,0.5358370190078966,0.5805999525557484,0.7311809599066665,0.5882207032443925,0.539744666533203,0.5942327090346039,0.4865504593778218,0.5651498336999999,0.6791656621057692,0.5427382502620643,0.6366062532859535,0.5677220987,0.5763764034543255,0.5933307929962117,0.5140916203005338,0.5145646368636364,0.5498928821702977,0.5466714614739454,0.594003274773547,0.5420104089725926,0.6885662501119318,0.608027288531236,0.6183555480595627,0.5224379412172477,0.7402966863460133,0.5921550619432425,0.5775893025219696,0.5236261684698141,0.6734412049543541,0.6036795044917647,0.5359930521625926,0.5720539637453792,0.5812274058367346,0.5374082715848889,0.5078657578214905,0.7565099094717266,0.678184163388353,0.5917272190084568,0.5838031997220161,0.6556567710845645,0.5717631162949091,0.6033656377600374,0.5313006639947169,0.644428948190909,0.5745211558676055,0.5799161659174,0.5251165853294166,0.5417645328573253,0.5823892645118018,0.5049540695562,0.5234113669864368,0.5014357372246154,0.5009749394478027,0.6318094646183784,0.5174044655248184
1552,0.7472376718862735,0.7407425897957245,0.7882622442528195,0.6486582271279218,0.786104536473888,0.7355559770672427,0.7251609169406883,0.7872176614435135,0.746003288506212,0.7346820240152312,0.7587952634356978,0.7457676577100518,0.7592337850627942,0.7245275724050848,0.7986105422086345,0.6941072885768786,0.4367838489541417,0.6860834508059888,0.7651792719237753,0.6860834508059888,0.7957731092836925,0.6860834508059888,0.0,1.0075362426575944,0.8277853973522515,0.7797485999926553,0.7036360921507359,0.7411006795607222,0.7577715969470292,0.7686942075149198,0.9582386846737265,0.7800831267942836,0.7163206442904053,0.6860834508059888,0.868642541406627,0.7558396667038215,0.7307018580225113,0.8076683055533332,0.7793321367519177,0.6300540297717987,0.6758722579617819,0.763133767624768,0.7772244261172881,0.8231269173345555,0.6962877119741522,0.8094862382987394,0.7909095018110734,0.7796232227365618,0.6843548144093375,0.8238267213586721,0.7811755605972059,0.7644776476059141,0.7560877957806506,0.7563550323798907,0.7685663898614439,0.9169879930211563,0.4607984510637846,0.7549133561972705,0.7733205440512673,0.9311694529377936,0.7180233210228752,0.7389149330070544,0.6997954911816311,0.8180298601747454,0.7736447774067596,0.7629982992976774,0.7851377041272106,0.4415251518343295,0.7605956746959623,0.7660089162363999,0.8928812978138694,0.8337331791072031,0.7474260340721773,0.743180021788803,0.791711123961643,0.7874117621332553,0.7524233808166958,0.7544880671057904,0.729034844673323,0.7366163158944108,0.7778973406531062,0.8283166115577324,0.699213606468287,0.7906939472091815,0.7041905893633187,0.7576187001933606,0.7520962809950293,0.8065225760154797,0.7559595969927897,0.8193930593477563
