,1035,1072,1133,1163,1167,1244,1314,1343,1347,1351,1365,1368,1380,1386,1431,1441,1457,1466,1488,1493,1496,1512,1552,1560,1574,1585,1607,1608,1630,1639,1650,1655,1661,1667,1730,1758,1774,1799,1806,1818,1822,1825,1864,1871,1876,1913,1972,1973,2024,2028,2074,2088,2104,2108,2118,2137,3003,3011,3012,3021,3022,3024,3031,3036,3040,3046,3048,3049,3052,3053,3059,3060,3063,3068,3073,3080,3086,3087,3090,3128,3162,3173,3191,3201,3213,3217,3222,8223,8288,8876
1035,0.0,0.4305040992885493,0.6119838625718781,0.2578774692943602,0.6389602470701523,0.25132814855683283,0.5500328425949035,0.5671202318869142,0.4266455322114827,0.5656784478169166,0.4665149809757675,0.4573843720647059,0.6361522732327705,0.55951167826,0.7090369797991705,0.5740337231082326,0.6322618719742858,0.7220742622599999,0.5120723605114919,0.7220742622599999,0.720916691342,0.7015152792387234,0.6567825825889506,0.641947423615887,0.768431606392605,0.7015152792387234,0.33658791056462634,0.496671439833803,0.7220742622599999,0.36871772764037175,0.5572025496298914,0.4807388196371478,0.8004761956096291,0.7015152792387234,0.5843661368530679,0.44383175424652305,0.7121804766429787,0.7220742622599999,0.24708762795536257,0.43249138886645844,0.6031304609346878,0.3670984660312394,0.8585693896578723,0.4254524944999213,0.18528168177269186,0.5530366436475271,0.7220742622599999,0.6953971083141326,0.49749566818476765,0.6253289543657479,0.5026386326377906,0.6555003112387351,0.5809520033939075,0.5404940575215712,0.6515981015921078,0.5802046507635781,0.4105798567191431,0.4341438114581807,0.6293890884194364,0.5429874114941867,0.7417262951833441,0.7820512220444378,0.45162835670178914,0.5568024699388936,0.6242466848282746,0.2956628750465488,0.6160407922551773,0.5121192484944788,0.5245019738692553,0.5941812975465047,0.5226731069342332,0.351595000207063,0.5900968041535886,0.3725107598352644,0.9210860380384556,0.6910650091780166,0.29176837658066124,0.7220742622599999,0.24663158415280934,0.6878300791100507,0.6585313839839668,0.5315171816720605,0.3880161164874344,0.8603166940220061,0.6726058677149545,0.812269078300851,0.40913154374202415,0.37878307411661705,0.6684741096652009,0.3154971993273512
1072,0.4305040992885493,0.0,0.6970723016208411,0.24870017267985675,0.2597392754291852,0.31224919240722154,0.20617222145258093,0.5565333430372132,0.16750968564708513,0.4234123893877745,0.5105175214091,0.3385264548784116,0.6526622170655298,0.6911418794549322,0.33086200397282617,0.19123744176955565,0.25408689614794144,0.34389928643365575,0.11929606786171279,0.34389928643365575,0.34274171551565574,0.7164711658475822,0.2786076067626063,0.9393684846089292,0.5137499969200076,0.7164711658475822,0.5172680611414104,0.40066445646491566,0.34389928643365575,0.4683409815282069,0.8171246523815613,0.7675243773116251,0.5245216662104111,0.7164711658475822,0.22371243343949898,0.6429964078632762,0.32870680733529506,0.34389928643365575,0.20718933875256518,0.5441827343009674,0.35859276811392654,0.44543184089365717,0.5751730277502901,0.39384091602286997,0.34248866710149073,0.6382975848950039,0.34389928643365575,0.5569998374717191,0.33160744801480535,0.7154413332404086,0.21097329433673534,0.7035464740583759,0.607833239758743,0.36538976751989893,0.2734231257657636,0.2608143955103354,0.06740373806181812,0.31374067378424986,0.6172811033277923,0.6775045747914386,0.5829615841673268,0.7939678989047471,0.09794207148421574,0.4063961648039623,0.2980508365448008,0.21090105893819816,0.7095105395291038,0.09718268030256386,0.6223599349923113,0.6828152648946741,0.3111158096221854,0.5856271756807594,0.227035850773299,0.713441720726212,0.6414184205010769,0.308101140361034,0.6873568090351225,0.34389928643365575,0.5156594002360165,1.0076289742868747,0.25844780589101923,0.6659554538919522,0.31163550765274517,1.133263773009975,0.7059739515116772,0.8243935650331914,0.30371133472662026,0.1835256224612042,0.2736946928967405,0.32278726124620516
1133,0.6119838625718781,0.6970723016208411,0.0,0.6011883655158617,0.838292983198934,0.49474645570708786,0.7333831128697729,0.4656385643019726,0.5586733042491338,0.5761192052906009,0.30172112059780104,0.9368130041613333,0.3509730356618637,0.3734058787339957,0.9101423398162839,0.7278705725485007,0.8483162359760381,0.9206411121665143,0.7947768718611083,0.9206411121665143,0.9194835412485143,0.5039000696702338,0.8553494324954649,1.0127685747519934,0.939846917649058,0.5039000696702338,0.3627516113385528,0.9336216856451802,0.9206411121665143,0.7843124125299867,0.8982390726348197,0.40230512469042556,0.8381655697574388,0.5039000696702338,0.8450013877268818,0.34135553758499765,0.9205418811665143,0.9206411121665143,0.6344747435353398,0.43071924496530817,0.8967244058894756,0.40968094856669257,0.9230423092665143,0.9137614276543523,0.4599311489059487,0.9383972398357984,0.9206411121665143,0.8085790111790397,0.8593535569402254,0.2789326977985604,0.5763668815579268,0.35388228196290056,0.44795407480174804,0.9221188100564465,0.8647946353393086,0.8693169389963664,0.6649385122715952,0.73060517500565,0.4968295236328297,0.9301757260538452,1.0027813272115922,0.8291013459722287,0.6497552571113067,0.9228109848561242,0.9228936471234755,0.5919584799823325,0.2640694813799941,0.7452953597180143,0.37979541937670036,0.20988559269608076,0.9310091901187569,0.7895741816053803,0.8533178982708642,0.650857067604136,1.011172527919442,0.8851626042402334,0.5829729212574871,0.9206411121665143,0.7326256309039028,0.6816866926085527,0.8596788282425223,0.36525293791214014,0.673782877894034,0.9709001193500729,0.23822904247759008,0.5639105940812859,0.4385351878377106,0.5628556368152584,0.9170394326824588,0.39858866270361626
1163,0.2578774692943602,0.24870017267985675,0.6011883655158617,0.0,0.48747215690315765,0.22618766892459996,0.41294346067949594,0.5122307727293346,0.2796795397959816,0.3841326582673948,0.442860444337972,0.5193197162588981,0.6130731118514813,0.563472630016878,0.5639946455560485,0.4270395574504765,0.4872195377311638,0.5770319280168781,0.306856948211707,0.5770319280168781,0.575874357098878,0.6844381422363902,0.5117402483458287,0.8632932876884297,0.5566496500870128,0.6844381422363902,0.33265902211935805,0.4640070036280147,0.5770319280168781,0.3730772315598701,0.7392097872447362,0.6831817587994304,0.6042374050623724,0.6844381422363902,0.4392734216681176,0.49424822276010266,0.5618394489185173,0.5770319280168781,0.11844704667306774,0.3955280800457421,0.391990132589474,0.2615067056100427,0.6085817605656585,0.4942044187328939,0.17681373935182895,0.6057796398875233,0.5770319280168781,0.5272646071533227,0.423751685189362,0.6170681122572566,0.3502213971543343,0.6361236247601257,0.5632354755436241,0.43549114698659663,0.5065557673489858,0.4469579268932463,0.21709240578178282,0.329398682816765,0.547463891879153,0.5740994256827006,0.5992143966303847,0.7649740850421045,0.30463419104403305,0.44040995855688236,0.4305109128333968,0.16066066905744358,0.5992004556111544,0.3141861653686707,0.4697576795291951,0.577340960902482,0.49565196817868734,0.48045884453146004,0.42931573061488615,0.5581355578780791,0.710480129362085,0.5448201942737375,0.5164413465727723,0.5770319280168781,0.43301993879701567,0.9164874786908663,0.49319454339146307,0.5357072537442873,0.26930091564280867,1.063772682532906,0.6588510009752055,0.7954119433037072,0.32692805631464994,0.23200268336606547,0.47729302470450224,0.26462715433828493
1167,0.6389602470701523,0.2597392754291852,0.838292983198934,0.48747215690315765,0.0,0.5059569795085394,0.20414953049092094,0.7194123840797839,0.3212590600120148,0.5668081006506358,0.6802830523409958,0.24097588796991343,0.7444962933049386,0.8599160828101522,0.07970791663697081,0.20093667085648306,0.014517177286342765,0.09274519909780032,0.2422276560576128,0.09274519909780032,0.09164487770230456,0.7636500126291031,0.06799771895772483,1.0226692984810113,0.4778861376819257,0.7636500126291031,0.7073444662126622,0.5040280430892121,0.09274519909780032,0.6303261087908423,0.9111898628650618,0.9084412341541546,0.5756520019767853,0.7636500126291031,0.06019390438238444,0.8024286412437627,0.09264596809780032,0.09274519909780032,0.4470287545852432,0.749462736124527,0.3939956413648011,0.6382373435824742,0.514982755006599,0.46650265470237257,0.5516400304783613,0.7218180657279789,0.09274519909780032,0.7374911942505369,0.43727149236140495,0.8535157981449435,0.2958327045878654,0.8277868005712459,0.66444875870105,0.47916654999711017,0.030995576649613093,0.08251475335813328,0.2877026554063167,0.4386819646398413,0.7238196012576137,0.803173491510026,0.5931394603209964,0.8441859554348174,0.22102016261911395,0.5152296876049176,0.1787058371489626,0.4164198379254954,0.8326280647098476,0.17866144101112774,0.8001482851680456,0.8123699722805631,0.2479473721223612,0.7819397948288634,0.19271037795357787,0.8758596483659045,0.6097578751381146,0.057858137597231775,0.8889516053861326,0.09274519909780032,0.7327327499966578,1.0982231466226346,0.06324388082217483,0.8442565564181725,0.46169160458508196,1.203519857929103,0.8286582518095624,0.906524975690292,0.42733769970593316,0.34835975829759613,0.12681960307696932,0.4737681432572353
1244,0.25132814855683283,0.31224919240722154,0.49474645570708786,0.22618766892459996,0.5059569795085394,0.0,0.4526403709090888,0.4861906052467143,0.292131552454318,0.48175265386400323,0.41365942976143255,0.5886519692064069,0.5581173906128405,0.38054087962658684,0.5760337122375575,0.44022460884089465,0.4992586044126728,0.5890709946983871,0.41206270361034736,0.5890709946983871,0.5879134237803871,0.631433396464256,0.5237793150273377,0.8878109754669019,0.7059080093724651,0.631433396464256,0.23129431651121046,0.5842305983412628,0.5890709946983871,0.564742735449789,0.768710333300614,0.668077450479478,0.7154574329218962,0.631433396464256,0.47633538998448655,0.40913384829408916,0.5889717636983871,0.5890709946983871,0.2174047234749687,0.43685601498386917,0.5622799084062293,0.2516163113527989,0.7695864030221123,0.5751063165794044,0.14021553065096234,0.7377950296216791,0.5890709946983871,0.5982439525932662,0.5093976291410328,0.49154916879021204,0.3772902376145051,0.6048340475484775,0.4980935863058925,0.5739577751015201,0.5197231283123577,0.5062365491522205,0.28737114377455153,0.46864861158396864,0.5563252259484429,0.7288730367555482,0.7629805494867611,0.7119693392699702,0.3186250891401763,0.6101418260883004,0.5736995974491983,0.17855454918606384,0.46684652556767603,0.3889105355498871,0.3607346509398074,0.44498703085900343,0.5811999625849543,0.5632497997644973,0.49721085665232995,0.5804136975485403,0.8341726088930315,0.5580617416164037,0.4772902270423726,0.5890709946983871,0.46132793483240564,0.9293636730498622,0.5353226710393753,0.3576309646284203,0.38280143506633924,1.066595246203367,0.5945841579220885,0.7548116753789309,0.27250728054269685,0.24664617576665027,0.5653915618771168,0.16192962489479273
1314,0.5500328425949035,0.20617222145258093,0.7333831128697729,0.41294346067949594,0.20414953049092094,0.4526403709090888,0.0,0.636608784652431,0.2308486260397311,0.45852178615644024,0.5715638993134001,0.23475783136894385,0.6762245612114308,0.8331812505356757,0.261937072965368,0.12531187791769172,0.2122196929861261,0.27243584531559845,0.2104827537472695,0.27243584531559845,0.27127827439759844,0.720110333813668,0.2159826352224603,0.9155992347980523,0.513894721386464,0.720110333813668,0.597465777968379,0.3969579794062532,0.27243584531559845,0.5353389693187947,0.8083804232189586,0.7581558489398201,0.5205880698045753,0.720110333813668,0.1677366535269456,0.6694246107495025,0.27233661431559847,0.27243584531559845,0.3606195642204184,0.5898828064245148,0.3481181208546044,0.5724270489526071,0.6061771083306563,0.3518086544555369,0.4297352811906814,0.5728026850529887,0.27243584531559845,0.7107563619760603,0.36859125333946174,0.7790931145377307,0.2152147960308335,0.7047030452410826,0.5820487682464048,0.3753151676153094,0.21981784537460652,0.17128866263194964,0.2609678231318401,0.27535705226172713,0.6407015209556629,0.6942225591926603,0.5722656694973082,0.8006462766193823,0.16196649822832745,0.4332260901885376,0.22714927271106844,0.3525934050627835,0.765172925149215,0.2017085131362104,0.7676995353403668,0.7409161570802558,0.22573533602520915,0.6874654966053275,0.20237576491580922,0.7740738759669212,0.6624228426077523,0.2369573373893175,0.7866253219626668,0.27243584531559845,0.6390469243409016,0.9538306179639383,0.21147356139160634,0.7909033141436959,0.3318431704308231,1.0945689256117375,0.7354469158477993,0.8490203324426271,0.3336009307711969,0.28401492198793155,0.2255426974970799,0.4077222248083454
1343,0.5671202318869142,0.5565333430372132,0.4656385643019726,0.5122307727293346,0.7194123840797839,0.4861906052467143,0.636608784652431,0.0,0.46332768411832265,0.2887068548617513,0.38407229959270933,0.8263536240244422,0.3989043283241187,0.6470264920088568,0.7940212785235612,0.6223439542992919,0.7240047826403048,0.8059108721641143,0.5901900083473552,0.8059108721641143,0.8018179811896571,0.6467466912939661,0.7401357931987811,0.895033717878961,0.7437174519821825,0.6467466912939661,0.5054956711080143,0.657132619458441,0.8059108721641143,0.6324123357521365,0.8304773910448766,0.4818188664059726,0.5069743192138753,0.6467466912939661,0.7202811181973694,0.5699586375305276,0.7983786536231307,0.8059108721641143,0.5226898108417523,0.39210978120145146,0.6376267702148222,0.346897467206426,0.7806003325809809,0.7982812114638712,0.42698324484668354,0.6418892046273578,0.8059108721641143,0.5137904805157762,0.7189818272439616,0.6077714996716057,0.43725598049988235,0.4610279475695187,0.46290496737192777,0.7765237891399069,0.742111482787889,0.7508935389991673,0.543373334000498,0.553579402661972,0.31130320141464374,0.6183811963952068,0.6835086392690375,0.7451917297020598,0.5371629314542917,0.5852081186122403,0.7815460274462931,0.4947313427146217,0.577721460362775,0.5914770681647604,0.5580801728433556,0.48858882491681344,0.7714024460549815,0.5752511297167072,0.6052412657588939,0.49767899645022934,0.6553134300442633,0.7559306126875321,0.6613510804710752,0.8059108721641143,0.5412136696690397,0.8335563316177098,0.7253473276109794,0.6153703251960994,0.5114269760782797,1.0944471319463505,0.458496241541116,0.7411369318414613,0.3507433819950194,0.4494638716151651,0.780001739610898,0.37445531549321964
1347,0.4266455322114827,0.16750968564708513,0.5586733042491338,0.2796795397959816,0.3212590600120148,0.292131552454318,0.2308486260397311,0.46332768411832265,0.0,0.3159251293910176,0.3967364171981379,0.41117108952685233,0.5338990334858853,0.6704551712793245,0.39647305213974704,0.2051094747234354,0.3272028824068055,0.40951033460057656,0.24977983638976953,0.40951033460057656,0.40835276368257656,0.6666843593369851,0.3442186549295272,0.9203157279087808,0.6124626408261504,0.6666843593369851,0.43997858947319085,0.4710755890992404,0.40951033460057656,0.4726572987890153,0.8034803788245908,0.6535206541716322,0.5559842506061212,0.6666843593369851,0.3059887507735486,0.5491339753628132,0.4094111036005766,0.40951033460057656,0.2240358222006381,0.4474136569867417,0.4357887704585284,0.3805639581899313,0.6739237736742175,0.38775669069216073,0.2824427314034874,0.6012826973707974,0.40951033460057656,0.5468045348842003,0.36849773784738643,0.6403287182136607,0.1312011825096595,0.5619315456827234,0.480593876625402,0.46202147010622907,0.3436812817700758,0.33103952858297053,0.184902060711489,0.29541725033657934,0.5411448900666996,0.6760520617067364,0.668032991252623,0.7316887887324852,0.1354112601743031,0.5037498941253558,0.3962187177696438,0.20410512306682585,0.5742641411436922,0.2241820061487817,0.5918420649163839,0.5533088868707282,0.3847289404880651,0.6079688728213091,0.31525857338476504,0.6430478412143581,0.7170000320623154,0.35490420387363664,0.6459746293123033,0.40951033460057656,0.5324221789477503,0.8970193884292736,0.34854805067658445,0.647779662054935,0.25415169051541575,1.079972375844587,0.5556255156684232,0.7613505482523063,0.16725043095413644,0.10415277504864037,0.3880481625808865,0.19600122156927324
1351,0.5656784478169166,0.4234123893877745,0.5761192052906009,0.3841326582673948,0.5668081006506358,0.48175265386400323,0.45852178615644024,0.2887068548617513,0.3159251293910176,0.0,0.40209440669054153,0.6395866143588204,0.4695175164327689,0.7528376901263243,0.6386574572679857,0.46368197913953446,0.5768313534277401,0.6491562296182163,0.41947266996915544,0.6491562296182163,0.6479986587002162,0.7051537930182162,0.5838645499471669,0.8586481315732206,0.5685632307314366,0.7051537930182162,0.5269876872137917,0.4865658066779306,0.6491562296182163,0.47486604050438685,0.8018305298460455,0.6001149221712282,0.3787855811333244,0.7051537930182162,0.5376646998929685,0.6158882443737097,0.6390981954339894,0.6491562296182163,0.40285382444678675,0.48039358299249174,0.4632014394976639,0.41166051017545274,0.6828515592587567,0.6092314806162278,0.42469261305404477,0.49798633184738805,0.6491562296182163,0.5121814451273575,0.553047559665553,0.7178052345166415,0.29674040539784063,0.5247508609117739,0.49093190405192444,0.5875281849350146,0.5921814585091476,0.5686952647029745,0.4301027984119371,0.4047980447098965,0.3909485289225225,0.5347843924630569,0.54607617601374,0.7960757705266333,0.42322821949060385,0.4551142178257177,0.594410557913651,0.3681950736784004,0.6542030735551291,0.4687948642832298,0.649845270698027,0.5785889280340417,0.5944445789948781,0.5733277466446257,0.4216908668245083,0.5632475580046052,0.5815566795131708,0.6136777216919351,0.7078250860056274,0.6491562296182163,0.542147737706382,0.8625063497888007,0.5648596656241034,0.7217720894973333,0.34043987829634575,1.1223333055772897,0.5758109069518996,0.8077365393245624,0.30045974071854054,0.3399608616675491,0.5878564094167147,0.37230283555166
1365,0.4665149809757675,0.5105175214091,0.30172112059780104,0.442860444337972,0.6802830523409958,0.41365942976143255,0.5715638993134001,0.38407229959270933,0.3967364171981379,0.40209440669054153,0.0,0.747943607298451,0.21107774924632028,0.5170493799955926,0.7570985258809655,0.5844835029747059,0.6948002296273387,0.7689881195215185,0.5976911544004605,0.7689881195215185,0.7678305486035185,0.5494019849215186,0.703003261776395,0.8297855897363011,0.7547000390727712,0.5494019849215186,0.2609917891290319,0.7357932474073374,0.7689881195215185,0.6039680568017274,0.7146859980218079,0.3619832802990217,0.6764439302254774,0.5494019849215186,0.6505428396499777,0.3582789104026807,0.7595115093789259,0.7689881195215185,0.4668096969619764,0.34786819273745123,0.7005851684658674,0.35462110459500923,0.8328352096196667,0.7210338006216817,0.3278481437973282,0.7465216205748694,0.7689881195215185,0.7293717482935271,0.6836151234119356,0.483742988262413,0.43110354486396674,0.2512942185454689,0.2699355231194051,0.7238720340509714,0.7101503347087461,0.6819628381046752,0.5135045314175053,0.5546351304186262,0.33307731759334347,0.7731447340764863,0.818389951798835,0.7288266192457513,0.5008917195175568,0.7236824507565564,0.7279847305782794,0.4567943052152931,0.41052798759114817,0.5741022573987222,0.4341576520817778,0.3264883230518054,0.732762414113282,0.6130575720875753,0.649963554255859,0.5953396371395556,0.891442133942186,0.7335096115952375,0.5278985255802875,0.7689881195215185,0.5404788599804478,0.6502305747797831,0.6986484564549338,0.48944499317735024,0.46949152406936895,0.978368846734746,0.3147448759766296,0.6581982424156587,0.28458164509023126,0.41751273775200387,0.7218087314011481,0.30454032703350886
1368,0.4573843720647059,0.3385264548784116,0.9368130041613333,0.5193197162588981,0.24097588796991343,0.5886519692064069,0.23475783136894385,0.8263536240244422,0.41117108952685233,0.6395866143588204,0.747943607298451,0.0,0.8550363125030002,0.9675446562541177,0.2615995335132664,0.2921842279271236,0.2434007663857703,0.26468989019529415,0.30007539713315706,0.26468989019529415,0.26353231927729415,0.8166728272541176,0.23376908947486202,0.781693410511098,0.5489452844685825,0.8166728272541176,0.744620888558744,0.32520842207931006,0.26468989019529415,0.46407143148454283,0.7447761539265747,0.7588969847032141,0.6217742514680366,0.8166728272541176,0.20200326790747558,0.7759413833596662,0.2645906591952941,0.26468989019529415,0.43526843385741054,0.7631950526051267,0.3650750073383401,0.7508146847838675,0.6374653010011765,0.2608530401398186,0.5723124456269231,0.5213971507016936,0.26468989019529415,0.8451197676945023,0.4032037499296173,0.9532728385513549,0.4077595517779594,0.883261009342469,0.7595546325890938,0.36354574589307903,0.24824601630926474,0.17034650755758773,0.39718321459055594,0.3446577519481075,0.8035809379067842,0.5907916383825766,0.5689314413191011,0.8972087700598318,0.3334600157693891,0.4481962118393641,0.19902785070426737,0.4853847313310294,0.9439846764407842,0.2932458706056176,0.9109367414591176,0.9247495377334144,0.09964263916375711,0.6171767653318503,0.2772177411028431,0.7230811314699555,0.7197889406332786,0.25337998091496355,0.736938974712451,0.26468989019529415,0.5849469890709256,0.86990691361042,0.24025713610149965,0.9409428514378954,0.42974489917690983,0.9969014684364705,0.9308735978547898,1.009730168118498,0.5244453382789824,0.46258168181185444,0.22088429221751635,0.5865339760999146
1380,0.6361522732327705,0.6526622170655298,0.3509730356618637,0.6130731118514813,0.7444962933049386,0.5581173906128405,0.6762245612114308,0.3989043283241187,0.5338990334858853,0.4695175164327689,0.21107774924632028,0.8550363125030002,0.0,0.5421575814988826,0.819070304436531,0.6658178698785727,0.7572442005962852,0.8305217542488825,0.6904036614799136,0.8305217542488825,0.8293641833308827,0.5228721639761553,0.7652300745778332,0.8948839421046473,0.8247128247225057,0.5228721639761553,0.4247468360638809,0.8156502766175276,0.8305217542488825,0.710042970753417,0.7943185877946686,0.38881200193711496,0.7177114232744077,0.5228721639761553,0.7569406131290812,0.4492305004382069,0.8242173263189272,0.8305217542488825,0.6186269423038321,0.451986742793859,0.7863822745080418,0.43679189648932953,0.8495532717428218,0.8274126212903723,0.4961887221719431,0.8349079055658699,0.8305217542488825,0.7785718658324868,0.7691626743349226,0.5331780062833414,0.4863059604803053,0.19714891005072505,0.291780992768614,0.8328806049132649,0.7731669477046536,0.7854453622958439,0.6355044683558397,0.647423241068327,0.23026413603907198,0.8110175428247861,0.8911979265080028,0.7538579237515666,0.6099296586403988,0.8091695458525345,0.832622427260943,0.5856384739392636,0.4489895096105997,0.6724910221422007,0.4670674324784281,0.36654410578944707,0.820604203929401,0.6972618627520428,0.7402031552141533,0.6934758714319509,0.9069703243406165,0.7950432463226016,0.6008084210857298,0.8305217542488825,0.6726926112948353,0.6744664450523459,0.7586561576305557,0.5198400935437109,0.5987086035502462,0.9980841997523457,0.34564803050086523,0.65996695377092,0.39915522465767045,0.5188861436346864,0.8259625842677378,0.4326508329429537
1386,0.55951167826,0.6911418794549322,0.3734058787339957,0.563472630016878,0.8599160828101522,0.38054087962658684,0.8331812505356757,0.6470264920088568,0.6704551712793245,0.7528376901263243,0.5170493799955926,0.9675446562541177,0.5421575814988826,0.0,0.9299928155391706,0.81060468899929,0.8532177077142857,0.943030098,0.7926035832369343,0.943030098,0.941872527082,0.520598669,0.8777384183289505,1.0435002268447777,0.9692895538703761,0.520598669,0.30668380657024913,0.9647714779678496,0.943030098,0.8177425896598796,0.9200667188942708,0.6237831637604607,0.9651307099706756,0.520598669,0.8568762696110733,0.34924217094405796,0.942930867,0.943030098,0.5979456031015555,0.5538417370617125,0.9427854916818181,0.44389546642975,0.9454312951,0.9556471962059911,0.4722084357004072,1.0185666274523621,0.943030098,0.7740888446711537,0.8758235470524272,0.39012504044054935,0.7316956293656498,0.5430912443068047,0.6253217069036967,0.9528504621492307,0.8736822316139705,0.8867774287788073,0.6413302470761644,0.8491894912105555,0.6744683508041818,0.9609073781466296,1.0248068559367924,0.8514903318057142,0.6726563100136742,0.9373790015615845,0.952592284496909,0.5574472362337746,0.20551050485333333,0.7428696388515,0.19756444570499998,0.27851107874338,0.9617408422115412,0.7981089370799366,0.87678129854313,0.7170139509698485,1.0448164811731713,0.9120208449180165,0.5358522356348039,0.943030098,0.7236956903752132,0.8627520057104763,0.8909671861986956,0.08411771100397977,0.755544569779935,1.001631771442857,0.49874509477714285,0.6637127127429787,0.6300344375383784,0.6006052790682632,0.9459324415037037,0.5151631576791305
1431,0.7090369797991705,0.33086200397282617,0.9101423398162839,0.5639946455560485,0.07970791663697081,0.5760337122375575,0.261937072965368,0.7940212785235612,0.39647305213974704,0.6386574572679857,0.7570985258809655,0.2615995335132664,0.819070304436531,0.9299928155391706,0.0,0.27278602747383296,0.07677510782488475,0.013037282460829523,0.312304388786631,0.013037282460829523,0.04103660314928111,0.7884039888156682,0.11170030404430303,1.0432929440243643,0.48743422647140733,0.7884039888156682,0.787052382849633,0.5266327541149354,0.013037282460829523,0.7037438157542661,0.9677158420020857,0.9821340369261904,0.6071821533534132,0.7884039888156682,0.12780238453113033,0.8806153685250369,0.021781874582231638,0.013037282460829523,0.517824177931635,0.8246767282522591,0.42720947304067863,0.7132628440689205,0.47538775058387106,0.4943361094064215,0.6268540226060935,0.7537352424543095,0.013037282460829523,0.8075679269795552,0.49547274803819963,0.9253651547622934,0.3708453607805264,0.9023582090597386,0.7245413019847458,0.4997901955404631,0.05743887820706261,0.13449189287210622,0.3596313738756088,0.4925488894487904,0.7685676073024362,0.8280971001042441,0.6495481741835101,0.8689399316213825,0.295980292626327,0.5795484902345578,0.1803524434694269,0.48914745220431755,0.9089713458364361,0.25569402989067047,0.8742352254169814,0.889649423970666,0.2698005056329441,0.8565336294925249,0.2667192995782355,0.9477090049832544,0.6466929709480927,0.06496068268348855,0.9590283381151509,0.013037282460829523,0.8070363524736255,1.1297532979992626,0.10276053746901856,0.9143332891471907,0.5350898303666548,1.228273834115668,0.9005076084269124,0.9793641786906205,0.49918705632328303,0.42502984109690733,0.10347702204389826,0.5489821353849675
1441,0.5740337231082326,0.19123744176955565,0.7278705725485007,0.4270395574504765,0.20093667085648306,0.44022460884089465,0.12531187791769172,0.6223439542992919,0.2051094747234354,0.46368197913953446,0.5844835029747059,0.2921842279271236,0.6658178698785727,0.81060468899929,0.27278602747383296,0.0,0.21095992363358723,0.2832847998240634,0.2197355603248711,0.2832847998240634,0.28212722890606345,0.7201658544403777,0.21799312015301403,0.9799927506096096,0.5652083052918373,0.7201658544403777,0.6259078528770627,0.41547680504539664,0.2832847998240634,0.5625078438004762,0.869796114276655,0.8074863988575496,0.550190619253627,0.7201658544403777,0.19748775929774223,0.7102782053408543,0.2831855688240634,0.2832847998240634,0.36935278720811626,0.5990247345296504,0.37291969811496484,0.5669324905346593,0.6189274708424924,0.41071913046445097,0.4601159678636786,0.6564357558021965,0.2832847998240634,0.6355643908928468,0.40912552099557664,0.7725424381536035,0.22087813073757118,0.6777271037974741,0.5998078330160921,0.4374974202006328,0.2274383229968576,0.22253853710716417,0.23839126159545437,0.3601782696514788,0.6627343083754128,0.7022412976613963,0.6307612317216049,0.7579784046176932,0.15129521885477798,0.465164794296405,0.2772318561699151,0.35149331396357575,0.7505806317909114,0.17746396723447583,0.7360252388636254,0.7334719309392009,0.2472263000390135,0.7153718525709793,0.23157935497505291,0.7911882847661283,0.6571314592557573,0.20782534479034445,0.7868184787197713,0.2832847998240634,0.6652590680804645,1.022440847433403,0.22232251590007135,0.7795211860223061,0.36284520961933886,1.106161611799247,0.7325779947741369,0.8339244089627662,0.3382403785315346,0.27813192456327784,0.2695645951017852,0.3931299314500418
1457,0.6322618719742858,0.25408689614794144,0.8483162359760381,0.4872195377311638,0.014517177286342765,0.4992586044126728,0.2122196929861261,0.7240047826403048,0.3272028824068055,0.5768313534277401,0.6948002296273387,0.2434007663857703,0.7572442005962852,0.8532177077142857,0.07677510782488475,0.21095992363358723,0.0,0.08981239028571428,0.23552928096174622,0.08981239028571428,0.09026598450104761,0.7662954499523809,0.07165500856043212,1.0250941768968684,0.47709535110866,0.7662954499523809,0.7102772750247484,0.506452921505069,0.08981239028571428,0.6378541677826564,0.9089776052662946,0.9140087019993038,0.5786592858265314,0.7662954499523809,0.05154259233063548,0.8160143410475778,0.08971315928571427,0.08981239028571428,0.4410490701067504,0.7505618104588292,0.39918005656320343,0.6364877362440358,0.5141919684333333,0.471309823145366,0.5500789147812087,0.7253074713803712,0.08981239028571428,0.7307928191546704,0.4313378544176607,0.8635390509220476,0.30118381801133165,0.8388516081244695,0.6725933019495103,0.48159142841296704,0.020464523899684894,0.07871382266469634,0.2828562660507241,0.4432485686448989,0.7308249415920606,0.8058189288333037,0.5929870980423629,0.8468313927580953,0.21920518480144227,0.5076146351618528,0.17791505057569698,0.4123723443794328,0.8471452419961905,0.1789189220657857,0.8024675851097619,0.8268871495669058,0.2503722505382181,0.7797585216676401,0.19474259501119048,0.8858829011430087,0.6160956282372806,0.058803137203730815,0.882253230290266,0.08981239028571428,0.7302612446487408,1.101230430472381,0.06706938263874833,0.8375581813223059,0.47171485736218616,1.206165295252381,0.8386815045866667,0.9175380748503748,0.4373609524830373,0.3482547332720226,0.12602881650370368,0.4722070275600828
1466,0.7220742622599999,0.34389928643365575,0.9206411121665143,0.5770319280168781,0.09274519909780032,0.5890709946983871,0.27243584531559845,0.8059108721641143,0.40951033460057656,0.6491562296182163,0.7689881195215185,0.26468989019529415,0.8305217542488825,0.943030098,0.013037282460829523,0.2832847998240634,0.08981239028571428,0.0,0.32534167124746055,0.0,0.032676896882,0.792158269,0.1185004485604321,1.046383300706392,0.4915513601119604,0.792158269,0.8000896653104627,0.5340409221153591,0.0,0.7156334093948191,0.9799027997901041,0.9940236305667435,0.6120256591598648,0.792158269,0.14083966699195982,0.89250496216559,0.015192479098360665,0.0,0.5308614603924646,0.8377140107130887,0.4377082453909091,0.72630012652975,0.4687983550999999,0.5048348817566519,0.639891305066923,0.7617997268434382,0.0,0.8206052094403846,0.5085100304990291,0.9358639271125239,0.38388264324135596,0.9142478027002917,0.7350400743349763,0.5028805522224908,0.07047616066789213,0.14752917533293575,0.3726686563364383,0.5044384830893434,0.7790663796526666,0.8322142337447971,0.6625854566443397,0.8726942118057144,0.30901757508715655,0.5925857726953873,0.18344280015145456,0.5021847346651471,0.9194701181866667,0.2687313123515,0.886422183205,0.9018363817586843,0.27355478581727594,0.8695709119533546,0.27975658203906506,0.9582077773334848,0.6571917432983232,0.07545945503371898,0.9720656205759804,0.0,0.820073634934455,1.1345968038057144,0.113259309819249,0.9273705716080202,0.5469794240072078,1.2320281143,0.9110063807771429,0.989862951040851,0.5096858286735135,0.43806712355773686,0.10656737872592593,0.5620194178457971
1488,0.5120723605114919,0.11929606786171279,0.7947768718611083,0.306856948211707,0.2422276560576128,0.41206270361034736,0.2104827537472695,0.5901900083473552,0.24977983638976953,0.41947266996915544,0.5976911544004605,0.30007539713315706,0.6904036614799136,0.7926035832369343,0.312304388786631,0.2197355603248711,0.23552928096174622,0.32534167124746055,0.0,0.32534167124746055,0.32418410032946054,0.7579014623685132,0.2600499915764111,0.9116293015658421,0.4427153365830379,0.7579014623685132,0.5998823181789757,0.3564533873215536,0.32534167124746055,0.47750664322322467,0.8232563908771479,0.7817128789881348,0.4553199281864797,0.7579014623685132,0.18468925489129012,0.7162496876973563,0.31014919214909986,0.32534167124746055,0.2754119479738433,0.5765267236185212,0.24597172054584088,0.527645326986421,0.5302493648211447,0.40267307833814336,0.4232168642815901,0.6023023861345881,0.32534167124746055,0.6049303322863452,0.35547269804310433,0.8124989947847581,0.2644998896399018,0.7105032304424641,0.6590081517039883,0.3682400738554777,0.25486551057956836,0.21601749153810995,0.16683513888543094,0.2989848929382101,0.6143340682975107,0.634485875634778,0.47461255482242526,0.8332687491215959,0.1974729478604284,0.340170639351763,0.2370865191267858,0.27533963343779333,0.8004520991341272,0.10039339925817105,0.7064100750564078,0.7785926044254546,0.2421047061210806,0.5927961431176004,0.14024182394003196,0.7272352730333929,0.5602916908155794,0.2879670305338981,0.7346715290678836,0.32534167124746055,0.5485256914441659,1.037864447858438,0.24344524725445654,0.7602902335032404,0.34172796112691717,1.1414538985337388,0.7910973301456561,0.8699539004093642,0.3835440569893951,0.26793443883130263,0.2248495984984839,0.41372882085122864
1493,0.7220742622599999,0.34389928643365575,0.9206411121665143,0.5770319280168781,0.09274519909780032,0.5890709946983871,0.27243584531559845,0.8059108721641143,0.40951033460057656,0.6491562296182163,0.7689881195215185,0.26468989019529415,0.8305217542488825,0.943030098,0.013037282460829523,0.2832847998240634,0.08981239028571428,0.0,0.32534167124746055,0.0,0.032676896882,0.792158269,0.1185004485604321,1.046383300706392,0.4915513601119604,0.792158269,0.8000896653104627,0.5340409221153591,0.0,0.7156334093948191,0.9799027997901041,0.9940236305667435,0.6120256591598648,0.792158269,0.14083966699195982,0.89250496216559,0.015192479098360665,0.0,0.5308614603924646,0.8377140107130887,0.4377082453909091,0.72630012652975,0.4687983550999999,0.5048348817566519,0.639891305066923,0.7617997268434382,0.0,0.8206052094403846,0.5085100304990291,0.9358639271125239,0.38388264324135596,0.9142478027002917,0.7350400743349763,0.5028805522224908,0.07047616066789213,0.14752917533293575,0.3726686563364383,0.5044384830893434,0.7790663796526666,0.8322142337447971,0.6625854566443397,0.8726942118057144,0.30901757508715655,0.5925857726953873,0.18344280015145456,0.5021847346651471,0.9194701181866667,0.2687313123515,0.886422183205,0.9018363817586843,0.27355478581727594,0.8695709119533546,0.27975658203906506,0.9582077773334848,0.6571917432983232,0.07545945503371898,0.9720656205759804,0.0,0.820073634934455,1.1345968038057144,0.113259309819249,0.9273705716080202,0.5469794240072078,1.2320281143,0.9110063807771429,0.989862951040851,0.5096858286735135,0.43806712355773686,0.10656737872592593,0.5620194178457971
1496,0.720916691342,0.34274171551565574,0.9194835412485143,0.575874357098878,0.09164487770230456,0.5879134237803871,0.27127827439759844,0.8018179811896571,0.40835276368257656,0.6479986587002162,0.7678305486035185,0.26353231927729415,0.8293641833308827,0.941872527082,0.04103660314928111,0.28212722890606345,0.09026598450104761,0.032676896882,0.32418410032946054,0.032676896882,0.0,0.7910006980819999,0.11734287764243212,1.0452257297883922,0.49039378919396037,0.7910006980819999,0.7989320943924627,0.5328833511973592,0.032676896882,0.7144758384768192,0.9787452288721041,0.9928660596487434,0.6108680882418648,0.7910006980819999,0.13968209607395984,0.89134739124759,0.036776107849213105,0.032676896882,0.5297038894744647,0.8353011612629786,0.4365506744729091,0.72514255561175,0.467640784182,0.503677310838652,0.6387337341489231,0.7606421559254383,0.032676896882,0.8194476385223846,0.5073524595810291,0.9347063561945239,0.38272507232335595,0.9130902317822917,0.7338825034169764,0.5017229813044908,0.07744549623126469,0.14637160441493577,0.37151108541843836,0.5032809121713434,0.7779088087346666,0.831056662826797,0.6614278857263396,0.8400173149237143,0.30786000416915654,0.5914282017773873,0.18228522923345455,0.5010271637471471,0.9183125472686666,0.2675737414335,0.885264612287,0.8951186609741915,0.27239721489927593,0.8684133410353545,0.27859901112106505,0.9570502064154849,0.6560341723803231,0.08297021884133883,0.9709080496579805,0.032676896882,0.818916064016455,1.1334392328877143,0.11210173890124901,0.9262130006900201,0.5458218530892078,1.230870543382,0.9098488098591428,0.988705380122851,0.5085282577555135,0.43690955263973685,0.10540980780792594,0.5608618469277971
1512,0.7015152792387234,0.7164711658475822,0.5039000696702338,0.6844381422363902,0.7636500126291031,0.631433396464256,0.720110333813668,0.6467466912939661,0.6666843593369851,0.7051537930182162,0.5494019849215186,0.8166728272541176,0.5228721639761553,0.520598669,0.7884039888156682,0.7201658544403777,0.7662954499523809,0.792158269,0.7579014623685132,0.792158269,0.7910006980819999,0.0,0.7550862716746296,0.8926283978447775,0.8189894286327525,0.0,0.5792223178335942,0.8089288160942865,0.792158269,0.766368808009277,0.8153118082276041,0.6146520347604607,0.8302292836733783,0.0,0.7694561168091343,0.5563392388384678,0.7920590379999999,0.792158269,0.6978950821116565,0.6042831191503976,0.7998444622454545,0.6100682801297499,0.7945594661,0.8151072746949779,0.6346253662841177,0.8783602482161418,0.792158269,0.8088344919788459,0.7771047664407769,0.521402018255836,0.6691091222865537,0.5085991453610788,0.5658880136382938,0.8019786331492308,0.7721832333492649,0.7802596143255962,0.7016197427063013,0.7412620021095454,0.5924289632587272,0.7747350093560537,0.9188463513518869,0.5706876456628571,0.6977595348475399,0.8417724656953872,0.8017204554969091,0.6862223266161276,0.4970386891866666,0.7293072545515,0.557514821705,0.502223568310622,0.803697202458853,0.7843477114849999,0.792208246640691,0.765717776515303,0.9045746137770594,0.7697596803808264,0.6931340239485294,0.792158269,0.7591135784178672,0.7418943938533333,0.7661269643133202,0.5388209129918586,0.7090926477279871,0.8247737710142856,0.5060693360628572,0.6062592752323404,0.6150782582681081,0.661565564099842,0.7950606125037036,0.6106528746646377
1552,0.6567825825889506,0.2786076067626063,0.8553494324954649,0.5117402483458287,0.06799771895772483,0.5237793150273377,0.2159826352224603,0.7401357931987811,0.3442186549295272,0.5838645499471669,0.703003261776395,0.23376908947486202,0.7652300745778332,0.8777384183289505,0.11170030404430303,0.21799312015301403,0.07165500856043212,0.1185004485604321,0.2600499915764111,0.1185004485604321,0.11734287764243212,0.7550862716746296,0.0,1.01546249998596,0.4904630441845243,0.7550862716746296,0.7347979856394132,0.4987868755520152,0.1185004485604321,0.6503417297237699,0.9253179758906598,0.9287319508956942,0.5648620760937538,0.7550862716746296,0.08445989062055821,0.8272132824945406,0.11840121756043209,0.1185004485604321,0.46556978072141525,0.7724223310420393,0.39538548685229513,0.6610084468587005,0.5275596615091975,0.4663924031507573,0.5745996253958736,0.717782362028518,0.1185004485604321,0.7553135297693352,0.4567471855067524,0.8705722474414744,0.31992734153117697,0.8489561230292423,0.6778151026432728,0.4719597515020587,0.08232559526263802,0.09888307641066879,0.30737697666538893,0.449054711639394,0.7267562438592827,0.7946097505555524,0.6126782417729641,0.835622214480344,0.24372589541610715,0.537028789580589,0.19128274365156117,0.4368930549940977,0.8541784385156173,0.20343963268045057,0.8211305035339507,0.8365447020876351,0.24074057362730983,0.804279232282305,0.2151021229446492,0.8929160976624355,0.6278296537172413,0.09633529729663046,0.9067739409049309,0.1185004485604321,0.7547819552634056,1.0874332207396034,0.094712609627656,0.8620788919369706,0.4816877443361583,1.1949561169746297,0.8457147011060935,0.9245712713698017,0.4443941490024641,0.3727754438866875,0.1393965095795679,0.4967277381747477
