,1035,1072,1133,1163,1167,1244,1314,1343,1347,1351,1365,1368,1380,1386,1431,1441,1457,1466,1488,1493,1496,1512,1552,1560,1574,1585,1607,1608,1630,1639,1650,1655,1661,1667,1730,1758,1774,1799,1806,1818,1822,1825,1864,1871,1876,1913,1972,1973,2024,2028,2074,2088,2104,2108,2118,2137,3003,3011,3012,3021,3022,3024,3031,3036,3040,3046,3048,3049,3052,3053,3059,3060,3063,3068,3073,3080,3086,3087,3090,3128,3162,3173,3191,3201,3213,3217,3222,8223,8288,8876
1035,0.0,0.44579694711333595,0.6289418357478607,0.576768118560754,0.510521253910258,0.6189933539053607,0.28212682052433324,0.5549596133703656,0.574344512732915,0.44325366031204116,0.6561212789407384,0.29658762703621133,0.8103801936115359,0.15595583019833803,0.5159514399827227,0.4297993627274559,0.6612251453142572,0.6839386982950684,0.4252560876865763,0.6446472543015034,0.508720388523517,0.655829320467587,0.49657785712373226,0.49156247034183653,0.6360837244883647,0.7520468699062144,0.24767119362032736,0.5644300180206158,0.2134614835354826,0.37469070430933016,0.48646255312110287,0.22574359274938952,0.32541567006849026,0.7984270994049595,0.4948992032586097,0.3686885281505953,0.10796575841763797,0.584872480683677,0.36351734821663273,0.36676574723021743,0.14812058219150268,0.4758556103832822,0.6156507312974966,0.44503251801345356,0.451734669793436,0.23655642168921576,0.5265345578021037,0.1548405376934766,0.33633686431191295,0.8125012232145408,0.6641367501925196,0.3327261123893017,0.3490147857649327,0.2088387939475174,0.3819111639324664,0.3057232041492554,0.39952938714383357,0.1350843399821323,0.431983279049731,0.34670754715442864,0.1630561553517976,0.1410139005842653,0.31561913906736017,0.4547985292062591,0.16317169050648672,0.376594503315405,0.2681900519310283,0.3021681413085443,0.41074077706514245,0.7389039731458152,0.3546481786392617,0.14735845307389378,0.405029046774383,0.506392156226198,0.4758046406012645,0.3711294304204269,0.0809261964288665,0.3347835756519811,0.41018451159107294,0.7024485104842696,0.4470464305581,0.6237323088859217,0.2522640041156016,0.2708323093813095,0.5943414587648913,0.6751090488778402,0.5528445680780015,0.6363082558723522,0.5333964589226805,0.685832320653994
1072,0.44579694711333595,0.0,0.45742068694006055,0.28827876903721616,0.2657198884758387,0.3117510491267459,0.6310235470113716,0.44330992166473454,0.3208387118786733,0.3352544906270406,0.5899332445998107,0.2926420665691536,0.7235372031135965,0.3819850190814991,0.4698064326072342,0.19809562916501883,0.5460458822950008,0.4286135161424711,0.3465752067523866,0.36623215132749154,0.22067952946743583,0.7613817017976584,0.5105210478958884,0.47010245305,0.7643265377588639,0.6100394635367494,0.3600132809573353,0.6145552881680068,0.48627373974068044,0.33139313156607025,0.49599911636655697,0.5746797626434113,0.5497873517108167,0.5940869513472753,0.352385234245234,0.26782499963446516,0.5020136384622619,0.6023473123792134,0.29399474537706194,0.40239785794889893,0.4156506518246735,0.4114423667373983,0.42953037596739835,0.7502554553746863,0.4463413771601092,0.36427190656970665,0.3090135895676941,0.5018853133708575,0.7247488212725286,0.6056953292228151,0.41585697012855316,0.5621209453939613,0.4573666640170803,0.6051961644519932,0.1799490554821277,0.3117498008705768,0.19509879213954048,0.43235387014696036,0.4084675725866972,0.5894635723336197,0.3774929633832862,0.3830845633308156,0.586242732094093,0.7449096040308172,0.48848172639150644,0.41252512691961685,0.5367831226362698,0.6021612114830274,0.47046534438470344,0.6215625534126855,0.584675132375629,0.4648980852933416,0.6635406266219218,0.819153203970966,0.6409050281842776,0.3432306619765817,0.43476093472475363,0.34234305315137614,0.4592709562436329,0.4482381931403366,0.45237307008159555,0.463340001986457,0.5924120838592704,0.6612433405384412,0.5148871236048245,0.42582069464948674,0.4020766067331478,0.33894006361584655,0.30908264580745654,0.4082704018172172
1133,0.6289418357478607,0.45742068694006055,0.0,0.623349689754449,0.5141281552902661,0.5890473621572743,0.7138210252921937,0.46044863763553445,0.3950318798203012,0.5853856994637354,0.6117063483783873,0.6140311053144711,0.6987850282136743,0.6039876742515373,0.6795724721663272,0.41353009787484313,0.6838515088497241,0.6111391579224067,0.5533019049767197,0.5775451907531202,0.44982263691667057,0.8371435868502172,0.6619252073582007,0.673355777666837,0.7972645523946016,0.7261327116354217,0.5365534376117215,0.7131089173811271,0.570598964683163,0.5929698967276753,0.6902070954207081,0.5408244509069792,0.693842918569719,0.7189373000318583,0.5501226800045855,0.45548175528815965,0.659763970183843,0.7746114910273286,0.5374325590340202,0.5431377604982818,0.611113620437598,0.5915550779792459,0.6465704941438528,0.8354997004328673,0.6229678981527459,0.5501320568614003,0.5688544270673879,0.6730643303521713,0.8153184274530345,0.5690337310576727,0.5730842071929452,0.5377035308466565,0.6125731304697486,0.7246790965192138,0.4978134022165486,0.587472343980116,0.5416348992284998,0.6020772013719972,0.6011403001397437,0.6668672704349434,0.6161986210575956,0.5897278288365085,0.6867385398200155,0.8456611205017492,0.6608684958677354,0.5426933120335228,0.6849787321546141,0.7484553539853893,0.6238607939918881,0.44964183008646263,0.7337069277436365,0.6185989835112435,0.7689504647116203,0.8866768354040919,0.712369884451664,0.5732478689332443,0.6192412447234477,0.5595548718376386,0.6700906982332305,0.7163005812847605,0.6362282082206253,0.6954790300281107,0.6719180792368782,0.7558096651184223,0.6919233921416632,0.6804281946396266,0.6701615892314019,0.576297002948173,0.6015380106585144,0.5394911772426676
1163,0.576768118560754,0.28827876903721616,0.623349689754449,0.0,0.5204768770933521,0.2877867880520089,0.7472822534965142,0.4927810626072973,0.5774790167118807,0.3056276070857995,0.5107494688275096,0.32564740585534535,0.6428313069032281,0.5131267875939926,0.717544612828016,0.4665824100322328,0.7834671943654482,0.3558186006787521,0.6142128176934997,0.6014821310921883,0.4559295092321326,0.7327309363720642,0.7472278487904609,0.378489515427125,0.8928593485319635,0.5132795637978496,0.4583068526925021,0.7862007877620603,0.62330898805141,0.3189176454637706,0.4140202682994265,0.6913388928523639,0.6674423915230354,0.5043715327023023,0.6240161117725826,0.39702186786524973,0.6243096389151738,0.5686782916048908,0.5260709241560015,0.47224323259998746,0.5574762472644617,0.3514494335595688,0.34813053951298845,0.8744264515298825,0.381159904550719,0.5198743218474733,0.540231569363028,0.6379243100677673,0.8469566955775463,0.5154821472920265,0.358824979808972,0.6808715371625682,0.5512242429145229,0.7166775565731552,0.437735323244366,0.5543957576543779,0.2710299401264951,0.5761185941359874,0.36431206619650125,0.714269091461365,0.5111989021953445,0.4975065700304536,0.7590967459604258,0.8730144722960871,0.6242061750134413,0.5359340929007085,0.635342583483214,0.716367742640912,0.49643611283474387,0.651112766248777,0.793302206805442,0.5952077998267711,0.8366735198539781,0.9429030023896694,0.7625405525086382,0.5916416309734868,0.5591581901649869,0.42275180040968496,0.3472579951027741,0.24359677106807362,0.6957413012169125,0.2848351592008749,0.7119820078435104,0.7772162505534156,0.3430423577328996,0.23232672591199408,0.22876692073025606,0.2698513581914889,0.22348768978914743,0.2918790169552855
1167,0.510521253910258,0.2657198884758387,0.5141281552902661,0.5204768770933521,0.0,0.5265838360537727,0.49407133187623536,0.5513552539289002,0.2436773975768834,0.5208249583115072,0.661574507975554,0.5202904058581128,0.8048054010185919,0.5659310657993614,0.23473226012995135,0.30481138085605997,0.2835525752355898,0.5517586954486977,0.21690131133196464,0.15795785944590982,0.21847385045657128,0.8316349077875057,0.284102677659415,0.6629853024215333,0.6325955854986491,0.7211177726035054,0.4874908581508593,0.48484592830877316,0.44065883596164185,0.5299704251215746,0.6836715460707052,0.572999218384336,0.48063418357672083,0.7056403046845516,0.15201531177727712,0.4017385915590257,0.46636957394783674,0.6817960139507905,0.27714480913225703,0.4907570218494496,0.4585999153453659,0.5284205088329664,0.5687123223898702,0.6119512532098044,0.633666087647708,0.46000571293259296,0.16329004112722817,0.49729047830175116,0.5959705349451927,0.7709488028147558,0.5341670635110579,0.5543217219942107,0.5540557297770154,0.511353157994857,0.20370847040207415,0.3341800341718135,0.41212916997327054,0.47609950671111334,0.5985259439752644,0.4787735436115345,0.5731472347057638,0.4938205268500524,0.44540481455962877,0.6120074836937242,0.42233760752892513,0.4796585881512666,0.5660913771216085,0.48866275724821145,0.5686413581444496,0.6802639474937326,0.4516017050890094,0.4574539702047959,0.5263318552865551,0.6783152864365019,0.5092118728797167,0.22635717367411493,0.5410801165266124,0.5250411095007935,0.6483085152173856,0.686963037160376,0.3169677728937442,0.6627887321813393,0.45931750799423887,0.5269687547666952,0.6994609385058297,0.6599799658142455,0.5932334106910179,0.5479585242017002,0.4971571622802543,0.6163390465010685
1244,0.6189933539053607,0.3117510491267459,0.5890473621572743,0.2877867880520089,0.5265838360537727,0.0,0.7729940798734906,0.5264351982723654,0.582481141843989,0.4621244401374177,0.6543671799710926,0.3913756875024391,0.7824092552686834,0.525461421356511,0.7330796609066599,0.38536689230773347,0.7360845873453604,0.5696038774089265,0.5386541603489069,0.6702702196606032,0.5247175978005475,0.8113938488456348,0.7145156526349222,0.2564197467062767,0.8871261660271519,0.7510290819277106,0.5396742233645587,0.7366460766498656,0.6507571548545015,0.4539165831147346,0.32306071681556087,0.6991776798179604,0.7919970340972728,0.7350773126137309,0.5230978172959166,0.4958234299115044,0.6806959480730335,0.7217047717739771,0.5051985398363278,0.5948995695874152,0.5760111155988539,0.5513020678776713,0.5705207372338539,0.9121043591965146,0.3099749879376489,0.5216040097161173,0.6129033853234572,0.6805496409191356,0.874646377110414,0.6008226139075759,0.5632043821817077,0.7035808541153075,0.6960525629888438,0.7606078333268105,0.38173376594422437,0.44979575605047906,0.38144222116375454,0.5705181780599746,0.2971433394679421,0.7222790453018633,0.5092471000810374,0.6250286913461054,0.7366886549523419,0.9219850185593682,0.6705806063220823,0.6378749162858146,0.779673239640378,0.8189169251723312,0.6446675362780823,0.6651023920251111,0.7458330029675149,0.6643190276677563,0.7915657621155274,0.9892238552034782,0.7901263041498153,0.5918630740283554,0.6165553762167505,0.4340876122803383,0.2842808511468744,0.2878675619742245,0.6883508694292086,0.28676733103744256,0.747315703093709,0.8154028405329701,0.22500733872247247,0.3973818524584585,0.23237294511138884,0.06622171779552558,0.44964608829161035,0.1932973339169453
1314,0.28212682052433324,0.6310235470113716,0.7138210252921937,0.7472822534965142,0.49407133187623536,0.7729940798734906,0.0,0.689672937181478,0.6414216666695226,0.6624272173850213,0.7794104076374804,0.5133337826310317,0.9377813025942555,0.3942213927372775,0.45140617968167973,0.5733928753222421,0.5877308972063161,0.790004641877323,0.3934261900839475,0.6078186925571507,0.6040950927155737,0.8042199875883684,0.39960949243788946,0.64633626619973,0.5473659048482491,0.9036711207527337,0.42909213326969703,0.4447193976716801,0.2744749502375063,0.5921645881657898,0.6570079881559289,0.3069320608013247,0.3131403777480725,0.9214728172726037,0.4763313058813441,0.54060486385012,0.20295552269803682,0.7453392171269064,0.40953212031403696,0.4994070979791816,0.2784693737821541,0.6151146399485268,0.7792373693166028,0.22790693093607778,0.602466264764063,0.40140259061880035,0.5377207670325347,0.1883909589115379,0.16190218681783206,0.9420193709483725,0.7635699769815634,0.3967120521890277,0.4535218225444765,0.16561935599416594,0.5401953283463754,0.37869184531078104,0.5880065294776974,0.2509155493438995,0.6151688330342573,0.31288071665560513,0.38826038246993627,0.3247918583615059,0.15971066148948046,0.2351202356405484,0.15792445849030629,0.46990138739940884,0.3535634715221118,0.1417819613627307,0.5250656829423329,0.8130643579286689,0.20889468932996186,0.2567091401712974,0.16083029964012355,0.3018775585383854,0.37705300247488294,0.3455074319503085,0.34156175853324583,0.5333308717766394,0.6282542156102777,0.9161180086024171,0.4529651700469043,0.8064571510424279,0.18028836196132791,0.12267780338366621,0.7448067931987425,0.8771416368982106,0.7437597123405039,0.7869334085719548,0.7049273000221165,0.8365184130031023
1343,0.5549596133703656,0.44330992166473454,0.46044863763553445,0.4927810626072973,0.5513552539289002,0.5264351982723654,0.689672937181478,0.0,0.5350109113419658,0.3946178462171367,0.5265546677186882,0.45856177720532115,0.6506564132802227,0.5082557055049816,0.7089014187710589,0.4387329655520076,0.7512084898895014,0.5830521407204395,0.5544251139177647,0.6947001702657728,0.5530155866058045,0.7483218665957141,0.6998832995624114,0.4809901961352881,0.7340445362638679,0.6956657173123808,0.4162504186870003,0.6477284755354447,0.4988194008844741,0.4045635165914272,0.5095259120101879,0.4987980418406847,0.6001721782575318,0.6915835660578238,0.5851181728543848,0.3847823439012612,0.6148872078311303,0.6429829094558919,0.4935789019161521,0.41826487807774704,0.5332243351931141,0.44963471367948016,0.5475409851394339,0.8091211231620151,0.45049432346213936,0.48007340415029065,0.5986128778310931,0.5955733710728428,0.8103538018408235,0.5881783587841183,0.5244279472986723,0.5246145222440269,0.5673474696887649,0.7032638245555415,0.4796743927511915,0.5790610328196736,0.3920358868936409,0.5334249078504323,0.40266278573592373,0.5631390869834942,0.5259386746071768,0.5352303008746641,0.6702063607445343,0.8242323954651479,0.6123448249711614,0.4695737383883305,0.6581067965778167,0.699987750489962,0.4905806235609772,0.510491999982172,0.7360966578819212,0.5247703430941196,0.7745249435244903,0.8665803476003806,0.5943354604772662,0.5791963630604332,0.5412353154435481,0.3828809133524237,0.5190404932587185,0.6312713827370195,0.6226145610264023,0.5437735889830776,0.5601716201482652,0.7206060443105293,0.5528739069976776,0.60167712693497,0.5015947429953583,0.5282726625919048,0.474156631913316,0.49647399561344896
1347,0.574344512732915,0.3208387118786733,0.3950318798203012,0.5774790167118807,0.2436773975768834,0.582481141843989,0.6414216666695226,0.5350109113419658,0.0,0.5592571332905099,0.5781560876164329,0.5834991821888099,0.7046457127622103,0.621931182473353,0.36746448453847813,0.2943637145123356,0.44307326272838055,0.49843933510183525,0.4006887837280357,0.26446739488750465,0.19295173203742833,0.8188970410898386,0.4237774362242588,0.7089058108530764,0.7398043114914106,0.6474065297368178,0.4784698342655085,0.5835928371175578,0.4989173529360586,0.5736130356386417,0.7482614200206666,0.5747534301123544,0.5238958282714232,0.639605517831799,0.38400651535470465,0.4034839955158506,0.5824796203980143,0.6809218956441971,0.39026189822235535,0.47397473495867054,0.5551219264458596,0.5597697702887227,0.6194712647412471,0.7223177846320679,0.6525877168229413,0.48346346188451467,0.25577663120177235,0.619883553198491,0.7089899605601384,0.6320882642483303,0.48161821233616986,0.4562516132543921,0.516341575452917,0.6442416957818411,0.29960464776465145,0.4888865864170361,0.47758198453219736,0.5465076841538281,0.6380228149050802,0.6009616276664292,0.630770542328501,0.554031970714826,0.5448102833788475,0.7115856764760367,0.5756141907506909,0.4228340211216238,0.5543043728575583,0.6069108187435691,0.5285625854297584,0.490412100613458,0.5549682139005649,0.5503802982221191,0.6433218334872015,0.7866745329244742,0.6222814191765461,0.3435312098789312,0.6049808671318582,0.5558471164780634,0.7043233686045649,0.6977407517334829,0.4232556786739653,0.7283087448564655,0.5834152315127236,0.7022148529854827,0.7343394675604354,0.6666472641206059,0.6464461198802066,0.5713876851950561,0.5521577693760519,0.5628431305012055
1351,0.44325366031204116,0.3352544906270406,0.5853856994637354,0.3056276070857995,0.5208249583115072,0.4621244401374177,0.6624272173850213,0.3946178462171367,0.5592571332905099,0.0,0.43599829645706895,0.2855321614947254,0.5891159829025268,0.3870189793756951,0.6745610063474585,0.395263301299278,0.709430331446457,0.3636245095380404,0.5442809423469982,0.6021436222497295,0.42621288917260647,0.5927894672680986,0.6917299639744112,0.42781363311655224,0.7925901568570477,0.44105118047182024,0.35153817777994234,0.7060687428384879,0.5541386342636279,0.15123205351036376,0.486003263121918,0.5693960062667736,0.561678303199788,0.4720049207430014,0.548244367065376,0.30274554323243863,0.5171887728122295,0.4226492593100881,0.4936886272328601,0.3134288767201532,0.45837507724886606,0.19636069490252925,0.280234487665095,0.8203101047147752,0.3727760559438638,0.3988084155489235,0.472634993258874,0.5108886406628402,0.7572565561607667,0.597586661208868,0.3073646168869114,0.5755162884609135,0.3687624394329764,0.6170924979145989,0.39336037598741835,0.5112477345961828,0.19867021825124687,0.46217636026902853,0.3604930931632605,0.5831172075673405,0.38998762405549514,0.371434043005325,0.6838163491942235,0.8145150594932871,0.5310331070771596,0.4590125090399868,0.49713206533374704,0.6417829133450288,0.34242811303499454,0.5809942745342347,0.7278536668078082,0.47467583280605696,0.7803906995652978,0.8693316148412957,0.6538088698326974,0.5672698235371197,0.4113749083340561,0.3534742708978666,0.35022233044209516,0.41110097059785555,0.5776930862338958,0.41865245351068625,0.5897015146304471,0.6577174925459617,0.42391530717991055,0.40382497895003555,0.33290239276407985,0.4326414996765116,0.18333805282872245,0.45498978929950096
1365,0.6561212789407384,0.5899332445998107,0.6117063483783873,0.5107494688275096,0.661574507975554,0.6543671799710926,0.7794104076374804,0.5265546677186882,0.5781560876164329,0.43599829645706895,0.0,0.598762048581696,0.2218754378144876,0.6333517504871766,0.7730504065477783,0.5332287024435689,0.7648466049290266,0.4625642919160532,0.7175752265628957,0.7130388367724573,0.6062212038765196,0.45804916740845103,0.7558816271940014,0.6748269081148828,0.8665936203438783,0.4542773583954638,0.5586786887276602,0.7729868696842477,0.6689845603099542,0.4569841754767324,0.7181495083266204,0.6670476359356393,0.6914624650465713,0.5492605082399535,0.7347050486706822,0.5250752695616926,0.6703924189742501,0.3675519018899949,0.6844711249157928,0.4837780621036225,0.6805775018165209,0.41787015120062193,0.47641338941048705,0.8860289033620654,0.584294114454826,0.6584641052813955,0.6271514642020999,0.7665516040775741,0.7828959672534863,0.6319965316120352,0.43728256833896756,0.6227505697272764,0.5439206203941753,0.7044117154671636,0.6463220981604104,0.7513971934857948,0.5227003987977729,0.6751476367238167,0.6152972004290692,0.724582127446161,0.6264920913370214,0.6551611668617854,0.7303350769398537,0.8999390606365056,0.7466716157348645,0.5811634923986974,0.6801741426418643,0.7762644062665458,0.5251803539877326,0.4879998046381028,0.8032346965980495,0.6984312778266335,0.8483385344497893,0.9508549806601121,0.7645653389947462,0.7143798836678146,0.6327784059276071,0.5908702874454442,0.5872458145752675,0.6588627976909834,0.6096323105246239,0.6068957886255761,0.7013703992725,0.7945815692438105,0.6322855168355579,0.623206759985435,0.5764107052070891,0.6291555898568307,0.4192511044956123,0.5642615523652151
1368,0.29658762703621133,0.2926420665691536,0.6140311053144711,0.32564740585534535,0.5202904058581128,0.3913756875024391,0.5133337826310317,0.45856177720532115,0.5834991821888099,0.2855321614947254,0.598762048581696,0.0,0.7501831321374532,0.20707974059673412,0.5239277762987202,0.41484320641455175,0.7337699057002809,0.5242484219129779,0.4622818051621328,0.6196027666834761,0.4836174655143144,0.6128947133540572,0.5385227292428381,0.26264255811345627,0.6867132100468074,0.6343100759533493,0.22109000936304019,0.6185141310518858,0.3989895784398183,0.19487940730915906,0.2935270012661383,0.43688620108827037,0.43364221739444997,0.637044202965328,0.5344137998248553,0.28091793969075773,0.3781546327032473,0.5066438639130045,0.38938923801832726,0.2796424446150431,0.3110322663374592,0.3188649221653215,0.4551884182674235,0.6516433279449751,0.23056838849746744,0.26405292752786486,0.5016066328054355,0.36051653245664794,0.6184058320067448,0.6317919869427335,0.5045630364317883,0.4432132494969533,0.32569859365766346,0.48578479802447255,0.3530052569494072,0.2908986103864158,0.21114601698298485,0.3159403951168911,0.20323225025402064,0.45875914714556437,0.19980268021584888,0.24099593955773618,0.52921584733497,0.6531472349205845,0.3797245346757124,0.3199672495354058,0.41079610597554633,0.4784144573959974,0.27473960687960186,0.6747211517801219,0.5691145547279896,0.34014568032157383,0.6153639043148219,0.7059565291657064,0.5273474371942187,0.3981981387083056,0.2801313491850797,0.12384044479106834,0.24224673894421925,0.40982829446237723,0.5482283543592372,0.43371468941061925,0.4754538691079415,0.5220437198163477,0.36516616428010545,0.4365715852758159,0.29298123783972585,0.4057547285075339,0.3792847966078512,0.45720371230247053
1380,0.8103801936115359,0.7235372031135965,0.6987850282136743,0.6428313069032281,0.8048054010185919,0.7824092552686834,0.9377813025942555,0.6506564132802227,0.7046457127622103,0.5891159829025268,0.2218754378144876,0.7501831321374532,0.0,0.7659041064714085,0.8926933356522619,0.7010141605058727,0.8774279189219258,0.5185890713950051,0.8835674935711869,0.7807411371517643,0.7075285802165272,0.4772779142203992,0.9089927412230829,0.8248356554229626,0.9831999965679736,0.4025791037147689,0.7318166337167193,0.9333319337388197,0.7519625657204867,0.587719084159612,0.8502307910209495,0.7361812944950203,0.8281984123883102,0.4979541200266294,0.8915789684540654,0.695681282215414,0.8227781748853726,0.49412597040131945,0.8396390023890696,0.6487636906424759,0.8495249010456811,0.5626998799006068,0.501788357961817,1.0257409602706264,0.718150835478192,0.8184100076348972,0.7610276413081751,0.9008671584121154,0.9229156631980415,0.6499644343421673,0.5238316089282108,0.8120618652091309,0.6678531540276454,0.8497358562667021,0.7984560599586068,0.8977315008570608,0.6854893349222418,0.8322455164546523,0.7539667717392284,0.8814820279282587,0.7731639636940366,0.7936940252101884,0.8693313084043895,1.0239530045345124,0.8991942626820899,0.7447413357148176,0.7854741679006071,0.928366197353392,0.6714105586184929,0.568420950443104,0.9668675042729031,0.8598094394420914,0.9964535908258054,1.0563721128142607,0.9160395186619854,0.8582475514872763,0.7736596846607955,0.6777452204132031,0.7218164858479137,0.6602051931076218,0.7598101689250756,0.7417052714687997,0.8643964306430513,0.9300356803751216,0.7663050504765797,0.6473016066047994,0.721389704084404,0.7352006555096795,0.5485578322604187,0.6616146723074211
1386,0.15595583019833803,0.3819850190814991,0.6039876742515373,0.5131267875939926,0.5659310657993614,0.525461421356511,0.3942213927372775,0.5082557055049816,0.621931182473353,0.3870189793756951,0.6333517504871766,0.20707974059673412,0.7659041064714085,0.0,0.5719734887906968,0.3983955553192505,0.7099516299788605,0.6763589535872292,0.48120416931778326,0.705758885750996,0.5697735845818341,0.6332255401259647,0.5526070515272137,0.39191800386531506,0.6901361554197243,0.7241969027707396,0.23497949140235197,0.6291693203316971,0.272095424725338,0.2878927238464688,0.4003682499898591,0.28186992381640397,0.39848685434906733,0.7719801557489002,0.5519031875984436,0.34757417405036795,0.23013637326051944,0.5768007883394578,0.4101396512441454,0.32802003088973564,0.18757937839342212,0.4365865436263874,0.5846378107634335,0.5461330149890679,0.32385207247164366,0.235233028658778,0.5864665564385431,0.24022272580283122,0.4648579812920036,0.7192527190972602,0.6470829445200876,0.3633693989682717,0.32885666288455273,0.3357194788975452,0.36801777327370133,0.28644309163882875,0.3519042201263104,0.17577002452295207,0.2941588495392513,0.4188309355874553,0.07431269911291888,0.18268548968516002,0.40149650504714945,0.5644361430974879,0.2663398808923191,0.3650135487151501,0.36076176899574885,0.40606755526109384,0.37584165082558335,0.6915042307444379,0.4646976629705758,0.24617136782047877,0.511464972213745,0.5948603002284164,0.5215927882554439,0.42724741665188687,0.12815837029346935,0.21326366494670784,0.3060406624673718,0.5905052345666002,0.5025794216617098,0.5421324841651372,0.3441105492119301,0.3468741624286633,0.4751205332565023,0.5952258096696106,0.43907882391350184,0.5333170504006979,0.5063844115285765,0.5682692248715193
1431,0.5159514399827227,0.4698064326072342,0.6795724721663272,0.717544612828016,0.23473226012995135,0.7330796609066599,0.45140617968167973,0.7089014187710589,0.36746448453847813,0.6745610063474585,0.7730504065477783,0.5239277762987202,0.8926933356522619,0.5719734887906968,0.0,0.5024027302137394,0.23268327990530072,0.6849431672986397,0.24683631649444962,0.23550563608776526,0.3796903360341015,0.7469842955105855,0.10380448816810278,0.70796737238056,0.4222806315226935,0.7936787164656608,0.49945724964521465,0.33513959986405834,0.44421152555387133,0.6052922613266152,0.6950137058760357,0.5817294516241174,0.35952133602154435,0.7789000580973864,0.254034671357361,0.5094993232279504,0.4697526378893268,0.6801504244300383,0.2902368632313791,0.5186007074099689,0.4714928723658777,0.6069364659624572,0.7653535584846358,0.41656553169013466,0.6815036024421621,0.46987869967456164,0.21223303976092978,0.5026884756743047,0.43389803388467957,0.9372001348974963,0.6914267629756409,0.5359374185083076,0.4403641465427663,0.4926114197084396,0.3745221382189442,0.3448586340300036,0.5418366711409085,0.48539130306385914,0.6438756427056676,0.47529490381847184,0.5768712881515692,0.49760666990528174,0.34385782167096,0.389556657765651,0.42765123098003066,0.4357721661175512,0.45764380304133395,0.4203205164243331,0.5102981426069566,0.762092421186151,0.29656146735629496,0.4680913755622921,0.36088257107819455,0.4628245519142283,0.3934928033115377,0.20291530963629328,0.5473743523871506,0.5338173213984332,0.6971190207484279,0.884567997056975,0.283651050075183,0.8233752502678923,0.43067300579326284,0.5118968165550608,0.8000593950574344,0.8636214364671722,0.722280724612731,0.75682646590875,0.6964241676048796,0.825673151923948
1441,0.4297993627274559,0.19809562916501883,0.41353009787484313,0.4665824100322328,0.30481138085605997,0.38536689230773347,0.5733928753222421,0.4387329655520076,0.2943637145123356,0.395263301299278,0.5332287024435689,0.41484320641455175,0.7010141605058727,0.3983955553192505,0.5024027302137394,0.0,0.4798429267227654,0.5830884636920914,0.31725441216728256,0.4605252020737399,0.32641880043306376,0.760796954058669,0.47549038536195687,0.4862017997340655,0.7538606540387962,0.686952051174377,0.37423963218108414,0.573675526106596,0.46531493191920126,0.38006491276734045,0.5282958805581179,0.4961716740745784,0.594240242965568,0.7347260346997154,0.31505684818361823,0.30629544359734584,0.48527165621617213,0.6646072135602286,0.30481052128625397,0.41277921551549546,0.38517049822956895,0.49328096421383827,0.5533979585809223,0.7580322961513051,0.42884735762769466,0.33031333946867236,0.3811657204356448,0.5039787198662173,0.6860233597243691,0.6064230635924948,0.5493352979767431,0.481740583845735,0.5221159186406068,0.5718686039144645,0.18256622122309935,0.3077160726546311,0.32913567210797295,0.3621695833417997,0.4439043480616089,0.5220033858497861,0.4002937272181847,0.4520028842313729,0.5340766317062934,0.7655751900015401,0.4924911954964025,0.4579618043474345,0.6212877916750411,0.6559923466625608,0.5492665518794401,0.5455713218802656,0.538346433091442,0.48330522508371593,0.6307528143352811,0.8326156053615188,0.616501479523872,0.3721368210578731,0.42827522622465286,0.4123817941171847,0.46392740677719313,0.6050854757227653,0.41120293394896246,0.5258992439722231,0.5261234653308535,0.6198255959426704,0.5195743922555436,0.5797547615933255,0.49806283617078495,0.3982791738938017,0.4320637193692444,0.4304049447886032
1457,0.6612251453142572,0.5460458822950008,0.6838515088497241,0.7834671943654482,0.2835525752355898,0.7360845873453604,0.5877308972063161,0.7512084898895014,0.44307326272838055,0.709430331446457,0.7648466049290266,0.7337699057002809,0.8774279189219258,0.7099516299788605,0.23268327990530072,0.4798429267227654,0.0,0.7611826169864062,0.3539023758142576,0.24849012047842495,0.45592978572186826,0.8073796545424858,0.22804258803669683,0.8120987168167615,0.5195399314529943,0.8348106364688266,0.674108179550788,0.41916148558131777,0.6300266523132119,0.7313433813221359,0.8520512774480082,0.7084322462162673,0.5714551139300919,0.8551395077851529,0.2574487576692734,0.6310107042026971,0.6116849776835968,0.7560527563142669,0.4368661856394974,0.6648303373863641,0.6037463887765588,0.742366031461636,0.8251830779917787,0.5888180266834647,0.7826326671337247,0.6466098966242693,0.299789423660224,0.684413350843736,0.5430463561023536,0.9428090151490929,0.7676662126634076,0.7064321327427521,0.6398776048200405,0.6093965719380425,0.39583764315966,0.48957921676676236,0.6230753088034691,0.6318197548700666,0.7798225401045213,0.5982535869824721,0.7221440600822866,0.6989421955452055,0.502192559465385,0.5920739877638158,0.599544196288781,0.6608448473236541,0.6833881120311105,0.6320780737919746,0.7265132568542992,0.742743459556729,0.44053591988132196,0.664777495188346,0.4886993021804537,0.6266016672968011,0.5595275834644986,0.42300943039871086,0.6816848466231539,0.7587005613969542,0.7639112558631573,0.959567782871324,0.33867053799118213,0.8515773103469961,0.5669995643043005,0.6306509145392964,0.8657342797163792,0.9190296913392526,0.8340277084417232,0.7626401299696974,0.7368074852397072,0.8314119012465848
1466,0.6839386982950684,0.4286135161424711,0.6111391579224067,0.3558186006787521,0.5517586954486977,0.5696038774089265,0.790004641877323,0.5830521407204395,0.49843933510183525,0.3636245095380404,0.4625642919160532,0.5242484219129779,0.5185890713950051,0.6763589535872292,0.6849431672986397,0.5830884636920914,0.7611826169864062,0.0,0.6863057770171465,0.5126924965079813,0.3552264564675527,0.6507203537428959,0.7401330801323766,0.683185604607321,0.8772625404053411,0.18168076398695687,0.5666963143619143,0.7761135885688827,0.6634451716157455,0.4338376732142991,0.7121302347347294,0.7648829451573413,0.657245234444492,0.16547343520480418,0.6961748451967791,0.48562938718545856,0.6925202342412232,0.5047722521817765,0.6195062094439278,0.5062233754268246,0.6879412930890778,0.26846412540576614,0.15269112106337557,0.8641678838209703,0.644867134653798,0.6217945623647569,0.4882775293289875,0.7431138223208014,0.8425706657595242,0.6063015891572794,0.09452224946436902,0.7118040120178355,0.43303570014128917,0.7566695965643783,0.5778700344701097,0.7038297631911086,0.37236991923583684,0.6952521817893846,0.6431397145253445,0.7639965916756293,0.6789973910268674,0.5665869968785954,0.7501894637853086,0.8559059132812981,0.6998514008862073,0.544484426434372,0.5255137468025505,0.7253499374947667,0.3804170668903994,0.5916461861087702,0.7921515234801018,0.6836053320035034,0.8272180513906676,0.9284468232272243,0.7782926234069069,0.5976501830799577,0.6662283738207955,0.5842613083244735,0.6459411179034724,0.4883444726563996,0.6820755098225286,0.5676814480771774,0.7401082372756269,0.8285392975308343,0.6440109471150095,0.4706804947539602,0.5212350466499663,0.5421431736168797,0.19615891513146205,0.5325808960570908
1488,0.4252560876865763,0.3465752067523866,0.5533019049767197,0.6142128176934997,0.21690131133196464,0.5386541603489069,0.3934261900839475,0.5544251139177647,0.4006887837280357,0.5442809423469982,0.7175752265628957,0.4622818051621328,0.8835674935711869,0.48120416931778326,0.24683631649444962,0.31725441216728256,0.3539023758142576,0.6863057770171465,0.0,0.3503622585351155,0.3599787058863384,0.7764157377381904,0.22435448127744853,0.5222780128934252,0.4869763308655376,0.8487448195668249,0.4303560088343743,0.33524143007466733,0.3905054016850382,0.48317497183974634,0.5526683559759058,0.47897445281016965,0.4451506458604143,0.8394198874640176,0.1254289107607694,0.39733753848610887,0.4048635356285779,0.7016150845873661,0.17329626431996892,0.4596372697160947,0.3284828127763834,0.5272154281132182,0.6731294915900627,0.5295880303360319,0.5121934885078453,0.3668650740941337,0.28218080373169374,0.4229238552982767,0.48295255318134495,0.8037232754983538,0.6648050856324483,0.4798003583543843,0.5487095183265297,0.45219801613181154,0.2297210510165431,0.20840964911563134,0.40125628154670934,0.3674191246392045,0.4763110819099077,0.3607481953836066,0.472587866902269,0.44788271269746205,0.3520810336338974,0.533751146703777,0.36297413805981155,0.4655745820162903,0.55930179837057,0.4669876638699182,0.5590720723860505,0.7590491539759674,0.3188189356868557,0.3823071291525614,0.40565558432485027,0.6107991534173506,0.3712661095864179,0.21166172286985796,0.4618631590837231,0.47265251898185134,0.5433900141411879,0.7733969635683436,0.2453695774005546,0.6448421417075448,0.3818419140404572,0.4559992717021344,0.6103448558927249,0.7406014259277136,0.6043827999633279,0.5645863750357649,0.590060816997811,0.6355548562065385
1493,0.6446472543015034,0.36623215132749154,0.5775451907531202,0.6014821310921883,0.15795785944590982,0.6702702196606032,0.6078186925571507,0.6947001702657728,0.26446739488750465,0.6021436222497295,0.7130388367724573,0.6196027666834761,0.7807411371517643,0.705758885750996,0.23550563608776526,0.4605252020737399,0.24849012047842495,0.5126924965079813,0.3503622585351155,0.0,0.20743966524344326,0.8343795948971451,0.33391782048242924,0.8130164309307237,0.6440553819747302,0.6228556547659118,0.6331853190956089,0.5337384867838507,0.5870439003142431,0.6156013715721349,0.8370951754975064,0.7248545278315739,0.45843688701912905,0.606649387306728,0.2815874527303876,0.5172975022552722,0.60086592527137,0.713707384322139,0.40253413799531845,0.5895822070007376,0.6137321885036396,0.6054478295760748,0.6337244261473931,0.6481084729672939,0.7852480472740544,0.6119724906433375,0.14203817252843162,0.6442647300765301,0.6208445582809947,0.8332186877793784,0.5213045294698312,0.6798084748086726,0.514188713839002,0.6254817951776777,0.35466609528982307,0.4869524249987794,0.49183514593834343,0.6277623635780896,0.7494336090128024,0.6184041520836132,0.710393981817486,0.5730566443473495,0.512124160746129,0.6210995990428102,0.5690336468053119,0.561907597841008,0.531468742650953,0.5482495195566046,0.5841227099031923,0.6623768634736094,0.5229354017511767,0.6066977026386555,0.5938531290220206,0.6943674931913875,0.5886292312218591,0.34358148393840243,0.6696145153942823,0.6744834957005424,0.797976052085343,0.7289368011836843,0.35467986595331147,0.817074217825102,0.5735808989550641,0.6556204659835019,0.8526563612162266,0.7112728232812447,0.7436886357865741,0.6752876267199321,0.5664778416255715,0.7272930263878379
1496,0.508720388523517,0.22067952946743583,0.44982263691667057,0.4559295092321326,0.21847385045657128,0.5247175978005475,0.6040950927155737,0.5530155866058045,0.19295173203742833,0.42621288917260647,0.6062212038765196,0.4836174655143144,0.7075285802165272,0.5697735845818341,0.3796903360341015,0.32641880043306376,0.45592978572186826,0.3552264564675527,0.3599787058863384,0.20743966524344326,0.0,0.7722440552636329,0.39950869329212124,0.6770311297615621,0.7291350800645219,0.5316652022963562,0.4888430865915232,0.5805208259794552,0.48822686184419395,0.4648912715517092,0.7009537906316149,0.5933339598507582,0.510058938400529,0.5164313481660707,0.36289000020465256,0.3815587201333005,0.5173019244696718,0.6132096658451878,0.35030685643695736,0.4407106485637339,0.5114697298000712,0.421458373428801,0.45779369307027007,0.7093753153087423,0.6492627461048927,0.47615017106243257,0.17530848948119165,0.56789551254925,0.6870703788370469,0.7173282056596326,0.35193599933891917,0.5494048876305946,0.4205216773365355,0.58193389553954,0.25084565262874936,0.435455008625165,0.32347688767413796,0.5200338720178332,0.6125234305235523,0.588719965631321,0.5744086806483243,0.42709868931321393,0.548200753814885,0.7087196172373351,0.5238593428744575,0.443779402020955,0.42918047504048723,0.5640048021423978,0.43436648511854736,0.5958189051916651,0.5550453752571327,0.508387022231952,0.6270915290777878,0.7786081473309175,0.6165034167232932,0.32832779067078705,0.5310041318207102,0.5384981945313807,0.6608141482580645,0.5929515000145225,0.4025385388893985,0.6708632416562555,0.5668764677134797,0.6533209877592829,0.7160459501975666,0.5752875221120832,0.6034707978861663,0.5295891580213357,0.3809797878575544,0.5817404045277823
1512,0.655829320467587,0.7613817017976584,0.8371435868502172,0.7327309363720642,0.8316349077875057,0.8113938488456348,0.8042199875883684,0.7483218665957141,0.8188970410898386,0.5927894672680986,0.45804916740845103,0.6128947133540572,0.4772779142203992,0.6332255401259647,0.7469842955105855,0.760796954058669,0.8073796545424858,0.6507203537428959,0.7764157377381904,0.8343795948971451,0.7722440552636329,0.0,0.7652351861625791,0.6891984227275947,0.8442384609770195,0.6317968656038528,0.6088583184643297,0.7968624246214533,0.7436339104220866,0.5455653142226969,0.7185037011737296,0.7365514310365109,0.7033575679073103,0.6886608756956896,0.8471448766125956,0.6633706940794768,0.6722967198995122,0.3107801149391192,0.7107499723870353,0.5372489964949231,0.6981232723291346,0.52716077121535,0.6587044459023152,0.8995380692895669,0.6441298819111106,0.6933511604616609,0.7361282579318701,0.7584271855526233,0.7586631140772524,0.8916535552424744,0.6628633830026172,0.7369630838044435,0.5476968053790968,0.6904754596490639,0.7783894572252588,0.7525860764339787,0.6322551130750168,0.7267025618949979,0.6660460044001599,0.7479293174243389,0.6310101085834157,0.6491426733580589,0.7918412818489196,0.8843710829336466,0.7492794998000301,0.6512812951599252,0.6477734389041137,0.7838990975842378,0.5440860305389054,0.7257643672306386,0.8260325525871071,0.7277399289662289,0.8642417665245841,0.9194379974876588,0.7853003338546032,0.7259876528664055,0.5930026426047884,0.660723457709973,0.5793043779348194,0.8717899876362182,0.586854858608814,0.7978231912793815,0.7478633304370408,0.7684859558157259,0.7447369230732969,0.8307597629789201,0.7349100016537989,0.805471280618596,0.6415463230877594,0.8513631650061966
1552,0.49657785712373226,0.5105210478958884,0.6619252073582007,0.7472278487904609,0.284102677659415,0.7145156526349222,0.39960949243788946,0.6998832995624114,0.4237774362242588,0.6917299639744112,0.7558816271940014,0.5385227292428381,0.9089927412230829,0.5526070515272137,0.10380448816810278,0.47549038536195687,0.22804258803669683,0.7401330801323766,0.22435448127744853,0.33391782048242924,0.39950869329212124,0.7652351861625791,0.0,0.6703134185310919,0.41927971482324844,0.8668412650569738,0.5055983826048958,0.2806246948531893,0.43356059758124776,0.629028078942693,0.6659472642063746,0.5339308773389306,0.4261620467122975,0.865674015001105,0.24563613656438232,0.5417275808165296,0.4466956564732328,0.7010596194430971,0.28416636163905995,0.5331670973869134,0.4356443003959559,0.6340396729387054,0.791545604633326,0.40686313909798244,0.6412594217699377,0.4539930509854746,0.27466460358503,0.49028215201582837,0.41266106153325266,0.9348651345207495,0.7408354624454434,0.5077451426065709,0.5018018033898755,0.45270458893076854,0.3634737772710703,0.3033485426752974,0.5614037025072036,0.4495168465245378,0.624549674395755,0.4309073887399552,0.5417451671057203,0.5055523187338797,0.31187693598307503,0.4375223922690896,0.4179072434203449,0.4641439289767165,0.5211481447555164,0.4365056935553724,0.5325381208215061,0.7666887970211175,0.24871327178934174,0.4710742028474906,0.3024015081064949,0.47876020146076226,0.3606269985992967,0.24101867321182954,0.5347123584795874,0.5622345066649899,0.6617094985328373,0.9240429484722114,0.27534565052890997,0.8078363712017698,0.3915656811756729,0.47755594288226944,0.774894923622769,0.8854706585011409,0.7628908812638919,0.7368601834285669,0.7161118995572202,0.8071091436522104
