,1035,1072,1133,1163,1167,1244,1314,1343,1347,1351,1365,1368,1380,1386,1431,1441,1457,1466,1488,1493,1496,1512,1552,1560,1574,1585,1607,1608,1630,1639,1650,1655,1661,1667,1730,1758,1774,1799,1806,1818,1822,1825,1864,1871,1876,1913,1972,1973,2024,2028,2074,2088,2104,2108,2118,2137,3003,3011,3012,3021,3022,3024,3031,3036,3040,3046,3048,3049,3052,3053,3059,3060,3063,3068,3073,3080,3086,3087,3090,3128,3162,3173,3191,3201,3213,3217,3222,8223,8288,8876
1035,0.0,0.17087639973722887,0.5363485557482565,0.17278792244751154,0.308405082022963,0.38362701580528114,0.25078148275852946,0.3927997774849161,0.2966272742006544,0.3394331612605084,0.4388864264860593,0.2931315288246667,0.5879193868349473,0.3085984182799924,0.5815611480382894,0.38658434988045043,0.6274069161930196,0.40385034204938997,0.42130520909586333,0.5991262484616267,0.351986603357871,0.7779620127915152,0.6285426892742876,0.6461192556850841,0.8750717583193056,0.396729081041296,0.20988434170762646,0.6712417109537596,0.3106010960683351,0.2538436917493485,0.6391356213520634,0.4829616435717472,0.26705387955254545,0.39919353910775757,0.4111110279536865,0.2609547364912722,0.3820263926890909,0.4113808144083397,0.3125894848450148,0.29546167106080456,0.36690091264410646,0.3067002557509545,0.4052655690051684,0.48528831372557263,0.2417248423820665,0.480926658290149,0.38656882074756305,0.33812680599786477,0.5870649595768422,0.3823282495246777,0.33521400230756737,0.3265450658906124,0.34815144008574617,0.4968490366644802,0.2284629888338972,0.5620288776401903,0.4505418339559045,0.29678751603093756,0.41305499045956173,0.5824220362355874,0.3351460141043824,0.33793228579640133,0.21350558001864486,0.3006030570094531,0.33726242743689183,0.19813255662623608,0.3749230779171129,0.34440288866595703,0.36115872510090874,0.49537996096429515,0.48503177854961566,0.223609795031251,0.20588609482459708,0.3462069843187109,0.5025683684498834,0.426978885381495,0.27064094971450803,0.35482809512304897,0.29022014381432276,0.4268114290198442,0.5123735497946185,0.3715519088969178,0.2928662772441865,0.45583519611272727,0.3971830385559778,0.42233257390804035,0.35259713028527184,0.3969116776239305,0.3464469067893108,0.3983877700422026
1072,0.17087639973722887,0.0,0.5300572581505553,0.2313514688145929,0.1912452885601926,0.31791237230001884,0.3148618180571889,0.3407122718879738,0.3250187255237976,0.31700290649642404,0.3544475770269248,0.3394692424289917,0.592524602846457,0.2983050647549516,0.5748768890411254,0.2643006725332666,0.5756887145886309,0.4118226739500545,0.3141122398776887,0.5932407246195263,0.3250947671988001,0.7727994011791849,0.6254132456410142,0.5147649898088622,0.8576921975057081,0.41322868876419677,0.2766613793591709,0.5940821663888365,0.28184020850075364,0.22780864970287257,0.5149456424520906,0.3712374731857241,0.35804983461848483,0.41569314683065833,0.3291086340940478,0.2692652670731313,0.4546626125355323,0.46503687964233753,0.36483222806641935,0.3154583257727037,0.2513235564497599,0.31139973409013877,0.41252722341366993,0.4736447501993542,0.25280023261630313,0.34681714149401704,0.39454115264822764,0.3726384531989085,0.623789758729675,0.4044228242580409,0.3458983755998917,0.30512511492353195,0.35626254149860587,0.5832766067361626,0.2750479565564103,0.43302386785693225,0.4117744802370877,0.24703845796177393,0.4193000426737059,0.5561120050434647,0.3148011407768345,0.33678858185630456,0.29374466410880196,0.3116640761116025,0.19827161645966926,0.24139032396652285,0.3730534286551438,0.3398188500388658,0.37729385353120487,0.5086597742993699,0.34504900232645574,0.15324929523719308,0.21800929654704998,0.33248754909676725,0.5107446661931244,0.417853023669063,0.1589553274430273,0.36998351987852157,0.31634489227253004,0.3043076403350459,0.5128469573098633,0.4366047668079927,0.3184253135615496,0.4871822221606358,0.2738125266331105,0.2957425954178121,0.21223677757551948,0.3284530974866934,0.34686615427565426,0.33267312653694026
1133,0.5363485557482565,0.5300572581505553,0.0,0.49069207422050143,0.3915771572028332,0.6510347925297916,0.5268591157792635,0.4969157583482172,0.44113295326556606,0.5696791590107508,0.5353008191921587,0.6150692211427689,0.619510178386338,0.5380268907125794,0.3854933321792052,0.6070292680357734,0.5377309288402135,0.576301867673078,0.608407388485032,0.40027947776979755,0.521581983876843,0.49758775886042794,0.4254581387079819,0.7842554321490068,0.7121372654499362,0.5977932102610164,0.49728532082850885,0.5974583599129791,0.5697717810501339,0.5410144069068185,0.7921156274046611,0.6193350818401333,0.5359115799243573,0.6196730252879685,0.6206788935961801,0.5086833183835598,0.5202259868172914,0.713266197692737,0.5312505954040899,0.4637194278907439,0.5605672935857926,0.46778442888004845,0.5914590446840445,0.32995808478101973,0.5150417699734428,0.6555447523413582,0.5258682966302358,0.5387330813499621,0.6616722152960182,0.5636169571500845,0.5589234897722762,0.5515439875442121,0.5138845621409021,0.7496985956835016,0.3157012353468214,0.707852180949081,0.6000026945932256,0.5050542219311691,0.47613063690363394,0.6032823319656084,0.6366463823781261,0.6200878557301062,0.5092430578023305,0.5196671280011327,0.5758900807456575,0.475645234714565,0.6502322725180194,0.5813150055710168,0.5874013708780328,0.4719414670999006,0.6239306346848799,0.5205270497390635,0.5332327311300152,0.5772012915165075,0.5026556600542098,0.3039936462734826,0.5635532527142203,0.47238070102621427,0.6076601552780483,0.6811249215960524,0.26920082504358794,0.6006866091776629,0.5139001642472423,0.7044018594068291,0.6033566243322004,0.6612859341709043,0.6255779423909401,0.646583871381806,0.5846706590606022,0.6178477707777821
1163,0.17278792244751154,0.2313514688145929,0.49069207422050143,0.0,0.3082555409489375,0.43216388408251005,0.29711932041751554,0.41363538859536186,0.2198612148438804,0.2640123606139329,0.4772014311891288,0.34991437207335097,0.5645488879837213,0.25447603630119736,0.5048456456517177,0.4505680350452694,0.5417606127165443,0.30759984922420813,0.4409088694693247,0.5291275811880245,0.3232670002624368,0.7086862577476831,0.5648938497689584,0.7118916626740052,0.8185423041834109,0.3434132429551622,0.20233583526300236,0.7212776104414018,0.34958024623807427,0.30235743630762874,0.7062208156939437,0.5453189958695875,0.30555640982408094,0.34587770102162374,0.42647420088078214,0.25082172892053645,0.4054011842887739,0.41879196614114855,0.2790742234977974,0.26413911348296915,0.414993309446336,0.22137095631922715,0.3063563484652244,0.4724190372375373,0.26334982675522867,0.5520260882503409,0.28172624495266235,0.26823790523413704,0.5582152915876041,0.4036534456456992,0.3016832993648804,0.3891925432497667,0.2681213178248366,0.5443681953013039,0.2410559203202099,0.631142254877176,0.43751962845853987,0.33009335679552537,0.34962493706038633,0.6976704285076261,0.4526421946328015,0.3023413993387,0.27012845508852085,0.1944500620551936,0.30777211319627806,0.12370929080834121,0.32564611356978207,0.27229283686829725,0.31736164207679585,0.42167293059013006,0.5025874236989514,0.24086987300985852,0.22679764859923096,0.2757716961605807,0.5318448865975075,0.3249610667704198,0.36275451760438077,0.3002249539632943,0.41862987623056463,0.49364853675289555,0.48026030687678634,0.40220362534513276,0.352281212199378,0.4967104000390079,0.47193091365335427,0.48916968164109165,0.4014972129890719,0.4466865348396709,0.2648931953874824,0.4537536224151967
1167,0.308405082022963,0.1912452885601926,0.3915771572028332,0.3082555409489375,0.0,0.43915326132591415,0.38125118270003666,0.3604414770087882,0.3570861979848998,0.39389548032865385,0.40998262804965047,0.36256945683092345,0.637900601448355,0.3866671833357597,0.4013258874703222,0.4146045917837029,0.4997964365045915,0.38287668123547736,0.3871417057051214,0.4256078230066289,0.31015146006883515,0.6051664995662877,0.5087039961051529,0.564577830521118,0.7822323244562215,0.4237833807839063,0.3974587139944654,0.5515082849681874,0.3114805250187951,0.2451057242102305,0.5540893477101887,0.4489797368864174,0.3791588112608274,0.4262478388503679,0.41487780098482685,0.2900842620004276,0.3793434115471308,0.5103668389359124,0.44637523958030506,0.34589493598283116,0.25495062536489516,0.3013163827220559,0.3980338582464438,0.3592175980051374,0.39635316108685303,0.4049361767142342,0.33838267589020327,0.3458610327683591,0.6273830444719648,0.4964049921917565,0.3601138068371986,0.3408134805547056,0.37575473082811384,0.6649292501724626,0.16746814293603865,0.4771073950359033,0.42739139422661426,0.35678811893770784,0.3120400866118796,0.5071322880597954,0.321312799321068,0.42248562685563423,0.356902816626266,0.33082089946541354,0.20431363962998073,0.3075438151129191,0.467299707906694,0.36575293086563754,0.38821302484351894,0.49295867351732914,0.35562040687632546,0.18443250244308707,0.3441080252111678,0.3842572152010598,0.4605471310134919,0.30651539744712547,0.2664666329843924,0.30376740064159796,0.4473039609441989,0.35924510924276787,0.3736013345245614,0.5304716097627739,0.3878037587429918,0.5983628811918066,0.3178960538120816,0.3410607027754574,0.28485949994381915,0.4258631720012537,0.3976525347482626,0.4300832010515006
1244,0.38362701580528114,0.31791237230001884,0.6510347925297916,0.43216388408251005,0.43915326132591415,0.0,0.6081118479343495,0.4345201125339805,0.39057678501104354,0.6325539664704242,0.42895005533201974,0.57502598889301,0.6357591347089543,0.5986027546989099,0.8254026792763663,0.2749646148487875,0.6621836395471057,0.6663013733235819,0.18772106453236553,0.8397390817189618,0.6286011468869588,0.9210451101956172,0.7936163217079701,0.41233923245695525,0.951952058068738,0.6487854352282152,0.3344417856260854,0.6495944426234462,0.5203124534495333,0.4633653961668911,0.4123252408754459,0.23363789949584607,0.636164499048564,0.6512498932946766,0.12665981992007724,0.5161632076866285,0.7256819418233417,0.7341799497520545,0.3150296205138174,0.5515747794584933,0.5147571472563107,0.5688154947981767,0.6677166002793604,0.7156773348371255,0.34882993215739166,0.4170137058308415,0.6571891503499262,0.6288444322589561,0.7488085873655801,0.27715025521708225,0.5956812764255076,0.4140173207357788,0.6107412408721332,0.7858304610709367,0.4422714364418007,0.32791876823082605,0.565310845174761,0.5068970820922187,0.6702329045717049,0.6344785779249269,0.4509068809629242,0.6327941268072477,0.27963773523589236,0.5646345188392006,0.47529192448966295,0.4741667531795182,0.6547377726561947,0.5983444404468758,0.6143407525032619,0.5434170970760651,0.4205461554136646,0.41307490802968905,0.451830808231509,0.6355971640003474,0.7152154997770308,0.7162829982776853,0.3602913265170703,0.6205004152861298,0.4910624199885743,0.34679721730441077,0.6855474203497544,0.3153214218037933,0.4769310531190809,0.7004310185852116,0.25750182578950265,0.3430196697220887,0.3208068801449947,0.11798940949099884,0.652166043194273,0.12889832971454285
1314,0.25078148275852946,0.3148618180571889,0.5268591157792635,0.29711932041751554,0.38125118270003666,0.6081118479343495,0.0,0.495631410063412,0.337540943907604,0.21311729051210632,0.5070449538393269,0.36539827931056845,0.615021085440572,0.21190601125330955,0.5529310472825741,0.459949483103143,0.45760986939394804,0.3804993896875384,0.5825855449065271,0.5728381186820991,0.207660216707896,0.7392340064529715,0.5910476130005783,0.6975104736685291,0.8475322903867968,0.4214060892359674,0.3717242084119443,0.7036620436318588,0.39959109634007933,0.36661362873508246,0.7098811785004634,0.600936574247305,0.2674962972537323,0.4238705473024289,0.596549270807116,0.33023040342064647,0.20683308351126145,0.424124874149177,0.4534925314746564,0.2934545820389304,0.3585049231882158,0.3184493385438876,0.3956565666985049,0.4731284355152211,0.3514803755240872,0.546388253432079,0.35368564031684563,0.3184667847308263,0.39556099583298976,0.5744068442904237,0.35988579211138777,0.481502708245821,0.3474826814455139,0.3351473211101521,0.3932059140743085,0.6519984482598986,0.4762015574618167,0.2872594712081996,0.4084049925152141,0.6267942181773292,0.37477447726664226,0.2780526124619588,0.3976339994788459,0.36389872426690845,0.3511758736182222,0.29244402233414574,0.2513929618103302,0.3653615243182883,0.38583573329557996,0.5097351682739171,0.49797208449588676,0.3050085793938866,0.3288892587456781,0.24295946652627992,0.5160562729792407,0.3747921094083768,0.2597066829838087,0.35292029561140925,0.36066498876857883,0.501253724065855,0.5172477352396986,0.5694793665738076,0.34044369843491284,0.3264607556299225,0.5183632302270575,0.4932866004719886,0.4098969303654294,0.6194745486548858,0.2552245579547343,0.6228726021712709
1343,0.3927997774849161,0.3407122718879738,0.4969157583482172,0.41363538859536186,0.3604414770087882,0.4345201125339805,0.495631410063412,0.0,0.3877712679616593,0.513848614582169,0.30305645934830716,0.5048068961117953,0.46008241345324263,0.48142907958953873,0.6639691750597372,0.3935348483664199,0.6338354188089297,0.5413578928273965,0.3998236659600668,0.6778440019183412,0.4928213901786224,0.7627151251959077,0.6613061726047664,0.6017655841803438,0.7997640012603271,0.5570426170055026,0.3896967495126591,0.5866048412501552,0.34196931096282823,0.3704760819566609,0.6005340981035405,0.3501077923038255,0.45232832139663426,0.5702307624301287,0.41780304763519444,0.3674447520232569,0.5901099067269419,0.6565341317412567,0.38139526954318204,0.4349438992276333,0.4437966571456688,0.4227952147152932,0.5343378423223358,0.5644889509168133,0.2857530856219896,0.4929217660289858,0.5213835911523278,0.5097275457314936,0.6535787023444446,0.3869860898048122,0.49808880606041883,0.3374111831354243,0.4879511828965868,0.7051913512655974,0.36261024306257944,0.5451054201268466,0.4941601018591668,0.35768795984976737,0.42257393627766066,0.5571910724632281,0.4631930149065626,0.5652675240200383,0.32353954612093044,0.4553896863060667,0.41955972783889084,0.3772203578697797,0.5958300705719508,0.5145483515671798,0.5207162231383924,0.38941101817409524,0.4621976758274017,0.3339517914258355,0.3973120694229594,0.5390618206238611,0.5482275594383674,0.5809673551868891,0.407714452659769,0.321942250432637,0.4554804455870618,0.5152457374977628,0.4733696228429239,0.4512204584394097,0.3227269753799118,0.6349821280612138,0.42977265114844365,0.4982723406238354,0.4621213242290249,0.4447970204078813,0.5397188607804502,0.3791406495526839
1347,0.2966272742006544,0.3250187255237976,0.44113295326556606,0.2198612148438804,0.3570861979848998,0.39057678501104354,0.337540943907604,0.3877712679616593,0.0,0.3874296806595198,0.4705626566329694,0.5191370466423312,0.5731072961089074,0.37227328231351037,0.5525701278922289,0.38230368338187776,0.464747561780732,0.4836457529725169,0.4633222748743355,0.5664449547508329,0.32999335044971956,0.6586101792686712,0.5490886878378056,0.7405491456086658,0.8064153818307704,0.5237712027999872,0.2321544509253835,0.7008008849752725,0.5154177895934454,0.47161031565022793,0.7295359096721368,0.562294922277614,0.4418581205651232,0.5270169105874074,0.42917341943325393,0.39892858587965957,0.3820986086079263,0.5844713698784966,0.23230933797808612,0.39127340093130314,0.4449343112225549,0.3998214878358225,0.49569278682662066,0.46889913026058133,0.20992453239303288,0.5966923794125565,0.40715163478773664,0.4456401214486301,0.47913321631161326,0.34915068463084464,0.4702408576785755,0.4013025785415528,0.4447102770811008,0.5693270371747756,0.2450189610901544,0.6565524693660685,0.504419430944201,0.3509260055923272,0.47423159787334956,0.6851719896324349,0.5510365755982084,0.421265948249254,0.23336333160913558,0.3696108730588842,0.421430888171424,0.29907832344827107,0.44854631747145296,0.47765227320049297,0.49398022096364536,0.3836584728786804,0.48994487570528666,0.4109948817316901,0.2729470080225487,0.3796078654947886,0.5475891023612773,0.4001584552162012,0.36804763502597376,0.4228113696225876,0.41582197579605973,0.5777397999492714,0.4271048125225363,0.35048095207390684,0.27326142320852653,0.4917749165112407,0.5072696704654245,0.5759176168216775,0.5162182617134223,0.4549479234020537,0.38577267213386923,0.4678475634777053
1351,0.3394331612605084,0.31700290649642404,0.5696791590107508,0.2640123606139329,0.39389548032865385,0.6325539664704242,0.21311729051210632,0.513848614582169,0.3874296806595198,0.0,0.5303696123300362,0.2587830905888523,0.5882374892543409,0.09811236913515536,0.5279552117280581,0.4797392036579955,0.5205964117866745,0.23967173084447485,0.5978609313533314,0.5522371472643648,0.22579376494828787,0.7317958238240235,0.6109972848948038,0.683474037076381,0.8139245795866514,0.2538501178483892,0.38492465649188395,0.7097408048643665,0.276348715526586,0.2768220850486244,0.6951165603343477,0.6130957367032639,0.26816791128822304,0.2687449710243529,0.6160249554654385,0.30548068435071646,0.31591537388800056,0.37339920707132557,0.4802256961038598,0.2627887640611304,0.4048047320459005,0.19091178571338233,0.23768685784157556,0.48120273260303287,0.3833456714006884,0.5150724519212246,0.22225218236223138,0.23925026777372196,0.49757817280031014,0.6021052538595427,0.21980521534046152,0.5478185002976154,0.19904233099288557,0.4318458850952819,0.4353304068014,0.669903713464099,0.487944037900923,0.31301624471582246,0.2681568234424742,0.679661145414861,0.46753370979158443,0.1252101090433658,0.47182046944806755,0.30640602081274454,0.28768492803761603,0.2054159901873731,0.1437418359115089,0.2243213038013835,0.24260636351639234,0.5502734811999712,0.5008357860005211,0.2816428918000069,0.3420386594271565,0.1390314580659637,0.5219830497250328,0.313355461597971,0.3241447337834862,0.268959144736009,0.454538301625438,0.47619573583739594,0.5517777934443491,0.5991336217591298,0.38901292062339693,0.38031243311696883,0.536268495431258,0.47414651679201447,0.38731172837150296,0.6430946916570985,0.13575151348639722,0.6396617660249926
1365,0.4388864264860593,0.3544475770269248,0.5353008191921587,0.4772014311891288,0.40998262804965047,0.42895005533201974,0.5070449538393269,0.30305645934830716,0.4705626566329694,0.5303696123300362,0.0,0.5187528584644425,0.3300706270805007,0.47424936100429677,0.73244007419187,0.347529738271495,0.6511927893296556,0.5753694228479799,0.3943029604557804,0.746314901050474,0.553396347394852,0.830106390326619,0.7161028818060049,0.5701228732093364,0.851191259643501,0.5580383798758544,0.4042205357651812,0.5717372031833157,0.4056272999379609,0.39977645043582893,0.579961469241792,0.3698898519944961,0.4984302330478426,0.5938621681884697,0.39574563140172825,0.4424935721353084,0.6488953624533808,0.6723407073057398,0.4184124186600905,0.4378962558725387,0.4800186751501149,0.43114926624029715,0.5693502085937938,0.6202367787364385,0.3404911651081236,0.46698154371492073,0.5804025709799652,0.54221272711961,0.6779400610710338,0.3862884783409085,0.5206356810749928,0.3929347959182692,0.5031767696034333,0.7112672598202604,0.4625563719264549,0.4900486561063521,0.5044195779732822,0.34692598552938736,0.5413942653954964,0.557481425733452,0.4710172372989574,0.5792134863726853,0.369963810165036,0.5285832923657643,0.4575928233906529,0.4492387529113734,0.609241837560528,0.5281456255782939,0.5489947011588427,0.3361979278614397,0.4559953705814157,0.3515143666109248,0.46600091149891154,0.5602885715330288,0.6158932777250287,0.6394964189077242,0.39193022186334076,0.4730416591757831,0.46430040705814785,0.5001834102599884,0.5668447762931574,0.4781059998789675,0.43241112286992744,0.6502284951418198,0.4160638934614355,0.4847610670910921,0.4324406833725118,0.4388981154660093,0.5707372805578109,0.40081622365468333
1368,0.2931315288246667,0.3394692424289917,0.6150692211427689,0.34991437207335097,0.36256945683092345,0.57502598889301,0.36539827931056845,0.5048068961117953,0.5191370466423312,0.2587830905888523,0.5187528584644425,0.0,0.6178126968833288,0.2847506015766793,0.5452996294586872,0.5504773193507988,0.7085054552580262,0.12784491911954177,0.5832529724715781,0.5642613980292301,0.3635243539334988,0.743820074588889,0.640759865302104,0.617926013480977,0.8433755308809441,0.11759527011774357,0.3951355471394785,0.6735639219768124,0.19853408175202408,0.18977971523073808,0.5948426882719692,0.5757409737011854,0.3173632442899855,0.11195359545722221,0.5998739017006866,0.2817312471726828,0.4644405831332659,0.3235424567630033,0.5084740027540624,0.2907006292060611,0.409719792567954,0.22236536619594444,0.12932115082446555,0.5003008883236582,0.4689778267322009,0.47519654822741386,0.14946696962977365,0.15912552002855895,0.6683427916661231,0.5709767518156069,0.08991573699730085,0.5162404226875285,0.19677250466217383,0.5696388540152744,0.41214927985821254,0.5994580414368795,0.46128604925813155,0.4088038233039097,0.2912379937176342,0.6233923301093576,0.39110723116236884,0.1436090668254149,0.4105079427535532,0.36803024748198415,0.2994339779160823,0.2720652711826004,0.2830924508148863,0.17516703371562473,0.10427390871173096,0.6107060905031186,0.49937293990315795,0.2604297406244079,0.42079709002956767,0.27953547058116757,0.5190799321322618,0.403263839709899,0.38685351504144394,0.27149651759025645,0.5173114296643541,0.39745661364371043,0.5953720394004067,0.5572573985361591,0.4728650275337014,0.4851665842259649,0.4537654307698357,0.3960380559977049,0.3646976422351161,0.5844733937414632,0.1843611155548538,0.5860143835407963
1380,0.5879193868349473,0.592524602846457,0.619510178386338,0.5645488879837213,0.637900601448355,0.6357591347089543,0.615021085440572,0.46008241345324263,0.5731072961089074,0.5882374892543409,0.3300706270805007,0.6178126968833288,0.0,0.5029755432512091,0.7609199470918966,0.5576600316910897,0.721971204806388,0.6038492957480063,0.6541536362861544,0.7747947739505004,0.6522977488241537,0.8543618620411235,0.7864093203521789,0.7456445291581779,0.8830565427740175,0.5682856696160232,0.5128140369390392,0.8006757783246146,0.5127963846149919,0.5738421175871721,0.7411527181336066,0.5154641591415412,0.5911678220524195,0.605456166444331,0.6469512880333089,0.5938107931888594,0.7010580581142942,0.7173980937167186,0.5309775796472957,0.539360226548075,0.7040681179784327,0.5213715397326034,0.6038751082809042,0.7261310192794403,0.5173242897398134,0.6638153423656781,0.6185678872856855,0.5945120155110171,0.7061943513141453,0.5084937712832065,0.5558273381629704,0.6619785424118494,0.5369440849246718,0.747209198006696,0.6141414792419791,0.6992773405245449,0.6476355681433418,0.5427072521939891,0.5955843686966604,0.7938507267745407,0.6814202580349646,0.6079117489579632,0.5409974146894715,0.6098065735382505,0.6678446865924609,0.5440493447458287,0.6311285525750971,0.5854019109077032,0.5741113011762509,0.32536271563165126,0.7147682685907113,0.5984053550899866,0.6296627112883509,0.6265638073194755,0.7455231818347124,0.6776617352134445,0.6308064791934853,0.47907144013449904,0.6460512514439372,0.6852520431502347,0.6706004477094633,0.5412621441477137,0.6018108948683643,0.6724847407334322,0.6499127074646356,0.6680158180263562,0.6514886607940609,0.6454118572631553,0.6184165621422573,0.5754859403574475
1386,0.3085984182799924,0.2983050647549516,0.5380268907125794,0.25447603630119736,0.3866671833357597,0.5986027546989099,0.21190601125330955,0.48142907958953873,0.37227328231351037,0.09811236913515536,0.47424936100429677,0.2847506015766793,0.5029755432512091,0.0,0.5372950376177845,0.42125537302736665,0.5122837297713274,0.2763501407781096,0.5970598037274917,0.5615769731540912,0.24023936497708656,0.7411356497137501,0.6298214061481665,0.7047996713587212,0.8484796851841745,0.25146156515477097,0.3555015793956795,0.7456903590979551,0.2476228434998256,0.2537154342570422,0.6951862270558251,0.5351768792661126,0.2908008770320617,0.2872853534673864,0.6128485848408614,0.30581598927881126,0.3348941757477736,0.3809340218186375,0.4779060393195239,0.2724826336560212,0.4362887043418875,0.19602835358872472,0.2808257525872828,0.49788945886972735,0.34932844087558,0.5176976677545575,0.25906861947628274,0.26334867514771987,0.5056843424130874,0.5518092260902809,0.2339951760909528,0.556089816745061,0.2044479316427554,0.42854405048735755,0.4234310341526125,0.6478297579739907,0.48991286464415984,0.26417231664722596,0.2802682488732528,0.7236091112688179,0.4772799820709965,0.14592525072818205,0.43735585711839353,0.3145075707187067,0.31081185129303873,0.2020231332980013,0.14928383736089304,0.23488231385874056,0.25003524695469126,0.49537652470730464,0.5329293742522747,0.2993870219991338,0.3448834820310958,0.16095777385693438,0.5555179926201691,0.3186125336551641,0.3051491206197818,0.24478450402410157,0.43436359223110727,0.4752342062627314,0.5452294830226602,0.5686424959615326,0.38168282432901596,0.3700960601147947,0.5112391689848511,0.47269922398716013,0.389686836641576,0.6097658692978799,0.1829159674012399,0.571275013321896
1431,0.5815611480382894,0.5748768890411254,0.3854933321792052,0.5048456456517177,0.4013258874703222,0.8254026792763663,0.5529310472825741,0.6639691750597372,0.5525701278922289,0.5279552117280581,0.73244007419187,0.5452996294586872,0.7609199470918966,0.5372950376177845,0.0,0.7988233551252608,0.6430821985958541,0.4741028315783083,0.7762731532175045,0.025193254268295155,0.4746213275687798,0.2047519308279539,0.27302593700013,0.864420301623053,0.5852235198590086,0.5217169426168725,0.6138083687051029,0.5886152363136767,0.5631693169409724,0.5683454889479631,0.8480156199157456,0.8221857670084632,0.5356104508056667,0.5174739891931989,0.8026026138238751,0.5516729493787922,0.49398628740484773,0.6365341211344435,0.6760316340532972,0.5343425595089216,0.5520052885542452,0.49935791861597906,0.4892600085892748,0.15960621685781,0.6855672973324469,0.7138774294836443,0.4362069453796288,0.4957550635618512,0.7317030060534249,0.7710307717193263,0.5137937537043422,0.6971310252223474,0.5035373982840694,0.7532977726972414,0.3831312428345657,0.8331635611236154,0.6534922843590292,0.6228578777052413,0.44930675939055764,0.6874015906126255,0.6535726401110195,0.5386641848152595,0.6431686067519723,0.5205516612745901,0.5128732292518301,0.5075561439448611,0.5705489431400577,0.5241655936117972,0.5195932852883736,0.6633269649286311,0.652709270319934,0.5489700123506613,0.6043839436480805,0.5460772668778627,0.4931422119926991,0.2297833580640346,0.6397828278841502,0.4707805527595734,0.7593993842600515,0.6543954611425649,0.3369042976787009,0.7724838102778568,0.6579280851194828,0.6966758904564537,0.7009322353611551,0.6470062446550027,0.5937844485037012,0.8151290514377022,0.5120769304608913,0.817400460373644
1441,0.38658434988045043,0.2643006725332666,0.6070292680357734,0.4505680350452694,0.4146045917837029,0.2749646148487875,0.459949483103143,0.3935348483664199,0.38230368338187776,0.4797392036579955,0.347529738271495,0.5504773193507988,0.5576600316910897,0.42125537302736665,0.7988233551252608,0.0,0.5446649984829605,0.6417527037813706,0.3132368027230239,0.8129706340737195,0.4973717160814634,0.896059882605286,0.7452948451025365,0.5196180285875384,0.9265291059816456,0.5957242876555188,0.3915589608040301,0.6449669507956136,0.48065705542259907,0.42493562222067977,0.503525625547413,0.2903005283624579,0.5774941225361241,0.6267012237524655,0.3244443124434014,0.4899945618613682,0.5853943638693886,0.6949669094736537,0.4337868112094469,0.5049122149969534,0.4536342230406586,0.5117254316898905,0.6431679307371491,0.6712639194692982,0.2834475772193775,0.43774322960081913,0.6244711824795437,0.6042957627167449,0.6095839458479134,0.36327554215476776,0.5652934292165885,0.4333129021930596,0.556062570357515,0.6455428831169835,0.47360788320992253,0.4351807424239407,0.5619427388927507,0.36106076911613094,0.6349722418161577,0.6317628684527188,0.44606745378900864,0.4956794074472576,0.3946946297692456,0.559215148677179,0.4061388378814215,0.46722397944879746,0.5124552280163627,0.5737957709046646,0.5897920829610507,0.4551025037929394,0.45911677250250754,0.3901653828235402,0.40445379512665053,0.49868899822370844,0.6840388972500222,0.6448739848831726,0.22733678501051963,0.5707963382488495,0.36641700470920163,0.4302482955105249,0.6596063501499716,0.45174710755318515,0.32195697526858724,0.5518586010521844,0.35599208154355305,0.4284274410505894,0.3970113151603556,0.31410867672336834,0.5422620943960719,0.2596652742512421
1457,0.6274069161930196,0.5756887145886309,0.5377309288402135,0.5417606127165443,0.4997964365045915,0.6621836395471057,0.45760986939394804,0.6338354188089297,0.464747561780732,0.5205964117866745,0.6511927893296556,0.7085054552580262,0.721971204806388,0.5122837297713274,0.6430821985958541,0.5446649984829605,0.0,0.6652397622309134,0.63590628347773,0.6569570254544581,0.3572587063681443,0.7380423562077647,0.438484107296534,0.7998269135889561,0.8693430950472939,0.7061464617793424,0.6278481476520672,0.7109079944654868,0.7026652525913615,0.6813584016496764,0.8054965084989711,0.670814183327674,0.6471625511823177,0.7086109198458039,0.6647689031004307,0.66277643479475,0.35329629477375,0.7818091209190713,0.6204545931277687,0.6306964170406637,0.5644135326366982,0.627910212064964,0.6803969392418799,0.5750765445431866,0.5509709328596999,0.7521926443988919,0.5887456440461332,0.6354584445217533,0.40918939576344093,0.6659704808032247,0.6712426193073424,0.6779920233699096,0.6437011265380352,0.5522028950400258,0.4883456775155885,0.7254379673521693,0.4259063766049579,0.5449764162286203,0.619396255988391,0.7119250137252596,0.7083841621714534,0.5811003393070335,0.6409805005089428,0.6489699278188132,0.586868043196892,0.6007338889913809,0.4685439966938324,0.5419731358121109,0.684008644471238,0.6001327880093408,0.6431980914111342,0.6205502134363728,0.5882221914896542,0.5440939630855215,0.685726132912273,0.4956871638996245,0.5140870525211008,0.631420718312189,0.6119008067492986,0.7288788514081035,0.581254058083248,0.6839987352942598,0.5048137855628854,0.5262480503191613,0.6966263230494901,0.7270566682805097,0.671676166331296,0.6866891599626183,0.5779468207963302,0.6871606397100503
1466,0.40385034204938997,0.4118226739500545,0.576301867673078,0.30759984922420813,0.38287668123547736,0.6663013733235819,0.3804993896875384,0.5413578928273965,0.4836457529725169,0.23967173084447485,0.5753694228479799,0.12784491911954177,0.6038492957480063,0.2763501407781096,0.4741028315783083,0.6417527037813706,0.6652397622309134,0.0,0.639788143153772,0.4925830060854507,0.37324647090127966,0.6721416826451094,0.6145066042194357,0.6921676591589871,0.8088262931862042,0.05450066542459741,0.45730490331761253,0.7488577226963485,0.2807385703234274,0.2894706761779765,0.67538853796445,0.6612607457613892,0.3433664117665589,0.04337115761489052,0.6420259129824946,0.3114703605237016,0.4664596879134596,0.34787451671801406,0.5241809474698065,0.28970422191892176,0.4773923422135624,0.19618805657713828,0.018547358998023625,0.5122051034488795,0.5284966459885567,0.5487938366501859,0.08883352361687902,0.1117214280730405,0.6477028117907747,0.613960120375436,0.08267669706016663,0.5779531558697223,0.16356307517946259,0.5592308664147279,0.4314180654928389,0.6649390441975656,0.4864494857637172,0.46279991079168586,0.2831890201757237,0.7019367977821764,0.47166170779335415,0.15291066528528846,0.4860293941491929,0.2998697535937602,0.33711256259008965,0.24934087876726643,0.28629688580746415,0.18137728772732833,0.06384090202642922,0.5431301187110665,0.5324003658566007,0.3369092617896356,0.4608008971542071,0.2460579038344983,0.5833899237750307,0.35125549138571555,0.4767038114406992,0.2617826011765625,0.5985775044998354,0.47998187832671596,0.5717748041587316,0.6157015561979885,0.5589483487899424,0.5351963908787881,0.5342407771170741,0.47757466951438027,0.42602995772107755,0.6530112839989213,0.16152405809957798,0.6572313130491683
1488,0.42130520909586333,0.3141122398776887,0.608407388485032,0.4409088694693247,0.3871417057051214,0.18772106453236553,0.5825855449065271,0.3998236659600668,0.4633222748743355,0.5978609313533314,0.3943029604557804,0.5832529724715781,0.6541536362861544,0.5970598037274917,0.7762731532175045,0.3132368027230239,0.63590628347773,0.639788143153772,0.0,0.7906095556600998,0.5801431509226924,0.8732702201891445,0.7434902939067558,0.3538794724899903,0.8677257622978841,0.6540255523783172,0.4617042033555022,0.5520089697680133,0.507354355689267,0.468605513316993,0.36546603495953434,0.23672371208061388,0.5623252532626488,0.6605117082343559,0.14970445443583105,0.4837118790817364,0.6758426199817842,0.734292740026399,0.4229093323207641,0.5156228892981627,0.4191762123582413,0.4997271448194685,0.6212407841557483,0.6569306060920461,0.38641585798627615,0.40688210201066993,0.6098932975885509,0.600426199163701,0.7025526876224075,0.42415555875104216,0.5910484093492423,0.35118253750650685,0.5937563376351648,0.7788952867915699,0.4240032993251541,0.2577142272592628,0.5178960303091983,0.481321525348753,0.5918776336649796,0.5278906984549089,0.3881255096995114,0.6404410050041744,0.4106254314224554,0.5212883129609278,0.39378294969583943,0.4542978897399083,0.6710516222124232,0.5873677283781462,0.6217118590136806,0.5281121487159218,0.28439010577438417,0.3627998328906798,0.4393098512056467,0.6139728814604611,0.6410403972487121,0.6708253345571611,0.34703845150232415,0.5673776671382966,0.4743401172491858,0.3019563180829825,0.6040932920212625,0.47690681927075207,0.4249248864687657,0.7288977513713771,0.19920431048612902,0.29428692434107023,0.30179975767208733,0.13794588750072814,0.6139905625520741,0.18215072287609563
1493,0.5991262484616267,0.5932407246195263,0.40027947776979755,0.5291275811880245,0.4256078230066289,0.8397390817189618,0.5728381186820991,0.6778440019183412,0.5664449547508329,0.5522371472643648,0.746314901050474,0.5642613980292301,0.7747947739505004,0.5615769731540912,0.025193254268295155,0.8129706340737195,0.6569570254544581,0.4925830060854507,0.7906095556600998,0.0,0.4935829297971498,0.17955867655965874,0.28204217247696173,0.873393044398408,0.573460751993068,0.541293466864649,0.6289514742089228,0.6018686041824393,0.582745841188749,0.5926274244842699,0.8594331119343639,0.8365221694510587,0.5587235538430686,0.5359541637003413,0.8169390162664705,0.5753226822577951,0.5067635905593909,0.656407208436975,0.6899064609119012,0.5542496309084466,0.569117208147705,0.5236398541522858,0.5077401830964172,0.1739426193004054,0.6994421241910508,0.7283948970559226,0.4570070736619874,0.5200369990981579,0.7458040329120288,0.7849055985779302,0.5380756892406489,0.7114674276649428,0.527819333820376,0.7664540248868035,0.39746764527716105,0.8474999635662107,0.668740005533613,0.6371942801478367,0.47358869492686434,0.6975055005123552,0.6720490592663451,0.5576259533858023,0.6575050091945678,0.5448335968108968,0.5318348182729371,0.5327493982131564,0.5916937582679079,0.5493588478800923,0.5433584540446178,0.6772017917872349,0.663074992592906,0.573251947886968,0.6187203460906758,0.5706383184888543,0.5074786144352945,0.2540652936003413,0.6541192303267456,0.4903570770073499,0.7752052096012897,0.6640264522966299,0.3507791245373048,0.7866470344004828,0.6718029119780866,0.7061418690812823,0.7161799565357391,0.661342647097598,0.6148148083028585,0.8294654538802977,0.5310386990314344,0.8317368628162394
1496,0.351986603357871,0.3250947671988001,0.521581983876843,0.3232670002624368,0.31015146006883515,0.6286011468869588,0.207660216707896,0.4928213901786224,0.32999335044971956,0.22579376494828787,0.553396347394852,0.3635243539334988,0.6522977488241537,0.24023936497708656,0.4746213275687798,0.4973717160814634,0.3572587063681443,0.37324647090127966,0.5801431509226924,0.4935829297971498,0.0,0.6731416063568085,0.5444022267999291,0.6992898435790025,0.8157332725756012,0.41765819438794105,0.4446559802376871,0.6816077884132292,0.36840786833120615,0.3926712318649195,0.6971545006569194,0.6341345694755458,0.33925580048960213,0.41661762851617024,0.6284977011586578,0.367228004970786,0.17132074133807224,0.4622414433541901,0.4936609927513973,0.3918723795199798,0.3486769263116191,0.36665790856967023,0.38840364791224613,0.394921380798792,0.4082222060635681,0.5439225034883112,0.30200264753131423,0.3953489514249038,0.36295724908344806,0.6143913145775948,0.3779361985583856,0.523300284946115,0.3584856423589925,0.38028552169266355,0.3392903581257313,0.6725915230388314,0.49779409370676553,0.3316629175920048,0.36265638801413946,0.6395369854756904,0.49705527280937795,0.2752575257769659,0.47552947249306754,0.40902094299957276,0.26989726909376804,0.3418936988599097,0.1784884766330247,0.374876696772826,0.4047101915786461,0.5691721683102549,0.4414445618070418,0.3378209079106379,0.3435350277925641,0.2775275382993617,0.5122270965537334,0.31060138787324526,0.3249576775950055,0.30394059210598834,0.4747363659598862,0.48290291899819643,0.5171830075972391,0.6058100204826333,0.3689031796885113,0.3155719907192982,0.5389563050059905,0.49322382288428235,0.39790027677983597,0.6407967169842191,0.2675642398582755,0.6433619011238803
1512,0.7779620127915152,0.7727994011791849,0.49758775886042794,0.7086862577476831,0.6051664995662877,0.9210451101956172,0.7392340064529715,0.7627151251959077,0.6586101792686712,0.7317958238240235,0.830106390326619,0.743820074588889,0.8543618620411235,0.7411356497137501,0.2047519308279539,0.896059882605286,0.7380423562077647,0.6721416826451094,0.8732702201891445,0.17955867655965874,0.6731416063568085,0.0,0.3719285602540426,0.9555979966313051,0.5255978793810934,0.7208521434243077,0.7700927500507484,0.6831746326590946,0.7623045177484077,0.7515251694653571,0.9429884748244387,0.9176229758894975,0.7382822304027272,0.71551284026,0.8982450447431258,0.6868612300240242,0.6549788682855892,0.8359658849966336,0.7732016944425094,0.7072435659203167,0.6745817274659349,0.7031985307119444,0.687298859656076,0.3235713833952077,0.7863892650706621,0.8260602498687357,0.6365657502216461,0.6995956756578166,0.8240433624935909,0.8628805265854129,0.7176343658003077,0.8111645782848325,0.7073780103800349,0.8780144417526583,0.555706724916715,0.9298789397572587,0.7738656866828981,0.7739120937795722,0.6373249828588308,0.7788862508640104,0.8131173507345979,0.7371846299454612,0.755042699707482,0.7243922733705556,0.7113922189167875,0.7123080747728151,0.7712519096484726,0.728917524439751,0.7222166693824116,0.7547020307758356,0.7272666014800877,0.7528106244466268,0.7167560014834726,0.6847650580612994,0.6335195143432419,0.43362397016000004,0.7867453966282996,0.6699157535670086,0.8851349638788373,0.8151604381061791,0.44780693314417325,0.8650698176639944,0.7615898538486687,0.8168918957907018,0.8189942809566197,0.8151333048913575,0.7724919994340299,0.911399291433128,0.710597375591093,0.9137836650375102
1552,0.6285426892742876,0.6254132456410142,0.4254581387079819,0.5648938497689584,0.5087039961051529,0.7936163217079701,0.5910476130005783,0.6613061726047664,0.5490886878378056,0.6109972848948038,0.7161028818060049,0.640759865302104,0.7864093203521789,0.6298214061481665,0.27302593700013,0.7452948451025365,0.438484107296534,0.6145066042194357,0.7434902939067558,0.28204217247696173,0.5444022267999291,0.3719285602540426,0.0,0.8327670234854269,0.6801545471570939,0.659858999537641,0.6418699735749226,0.5592094553927212,0.6583935318107855,0.6736255200144048,0.8374171773369905,0.7878310161028528,0.6043328039713429,0.6578777618343263,0.7932891669511846,0.6730757476234741,0.49338581476836163,0.6692720782494375,0.6635621580081889,0.62990601903515,0.5351708558111572,0.6375746648808334,0.6296637812304022,0.21330181361893455,0.6258796978486505,0.7419621175455753,0.5435724934954733,0.5886157867410158,0.6269808198168264,0.7714010271488693,0.6498955228823262,0.6742513254752049,0.6203117650752497,0.6955564106888339,0.4764103322377778,0.825208018066554,0.5221604208610888,0.6092504203704646,0.5818953974460102,0.6416650278542689,0.6532476579926267,0.6239674561193154,0.6414265053780377,0.6605717751188095,0.5680529544130996,0.6134934687937115,0.6625085125002326,0.5193368590178147,0.6594028635290852,0.691366302927223,0.6161361846275906,0.6201827976042544,0.6572861932124645,0.6364643981750174,0.5081760871673391,0.3234186652307801,0.6227028065395882,0.5944605021589744,0.6782539575544829,0.6980815885571188,0.36295363557179705,0.7732069948604803,0.5991844824675945,0.7000829345497362,0.7213713965659074,0.7110591644274147,0.6579566490989316,0.807173508380641,0.556925729333938,0.8094449173165825
