,1035,1072,1133,1163,1167,1244,1314,1343,1347,1351,1365,1368,1380,1386,1431,1441,1457,1466,1488,1493,1496,1512,1552,1560,1574,1585,1607,1608,1630,1639,1650,1655,1661,1667,1730,1758,1774,1799,1806,1818,1822,1825,1864,1871,1876,1913,1972,1973,2024,2028,2074,2088,2104,2108,2118,2137,3003,3011,3012,3021,3022,3024,3031,3036,3040,3046,3048,3049,3052,3053,3059,3060,3063,3068,3073,3080,3086,3087,3090,3128,3162,3173,3191,3201,3213,3217,3222,8223,8288,8876
1035,0.0,0.10652211315038426,0.40303238852568124,0.012498536595419368,0.10178404131907241,0.09177839641302982,0.25848516532484417,0.7087348533118307,0.26766701799460485,0.43505859867863594,0.7558389513555824,0.2819766568412473,0.9124964013666359,0.7514449732900645,0.0023274383327566398,0.2382286511786239,0.030176754661029467,0.035455870517126106,0.10326055432702996,0.03162280343419355,0.02928449754645389,0.23190055851741936,0.023709551762981788,0.09486841030258064,0.0635343995938135,0.7526747601943147,0.23560397908192127,0.10550530038184064,0.2372333804950444,0.3678596548264516,0.2077340184120543,0.9132467254859573,0.557752683631526,0.7887975792380644,0.10393666726802953,0.6401882246957311,0.046182943144901366,0.02552015715741936,0.08897653673868923,0.7862961787902998,0.05581908534244369,0.7827682313824124,0.23190055851741936,0.12739336578669863,0.6053148724921951,0.18813518577622768,0.0667954748369449,0.23190055851741936,0.027152913497292774,0.9425872313153094,0.4851847653894096,0.8950201981880468,0.2744327488778494,0.06738316993454325,0.05037873849140695,0.08086402592458064,0.05204350273505376,0.20562096170365016,0.7694928053264282,0.1550328982219861,0.09486841030258064,0.23190055851741936,0.1105912038843061,0.058560747100358405,0.06423381947570564,0.32331668550680526,0.9154574387580645,0.00574960062439883,0.9855905733757115,0.6018957521716439,0.07194053946990647,0.31381248567006453,0.1441815048191789,0.5730219858599194,0.4389067542401978,0.04952952586636762,0.12011117444741937,0.11753141943041936,0.1818493920087464,0.23190055851741936,0.04934333055750785,0.4177411947629876,0.43259748517806457,0.7887975792380644,0.9558515967580644,0.9848515954463666,0.19346128542381935,0.10269469576850067,0.013176168097580643,0.24460305545189576
1072,0.10652211315038426,0.0,0.42820994941097257,0.11902064974580362,0.02912578612035152,0.04188274323039751,0.2596111670705601,0.697365760497918,0.2525374156145821,0.456485183248623,0.7248147712722983,0.24815071996662533,0.882412727153256,0.8010933566908527,0.10419467481762762,0.19304140545484827,0.13669886781141372,0.07106624263325817,0.04110368805796528,0.1381449165845778,0.07723761560393037,0.33842267166780365,0.08281256138740248,0.04497275711994834,0.042987713556570745,0.7974001959116183,0.20803321952112158,0.09117074113566828,0.18183184096534993,0.33683547474316744,0.17593139055677137,0.8822225454026731,0.5516497562761786,0.7862061969519897,0.026538167261248656,0.6091640446124471,0.1527050562952856,0.13204227030780363,0.029204729904258785,0.7578612611055564,0.05469367664581251,0.7778799218156454,0.33842267166780365,0.2339154789370829,0.5742906924089108,0.14660647822924822,0.03972663831343936,0.33842267166780365,0.13367502664767703,0.9115630512320253,0.45416058530612546,0.8639960181047626,0.3143725938595915,0.039138943215841,0.05614337465897732,0.03388876802321966,0.14445791556279736,0.1812156003814072,0.7909193898964153,0.15158431329950445,0.04497275711994834,0.33842267166780365,0.015335253182050741,0.04796136605002585,0.04228829367467862,0.31906085632834796,0.9080362381848579,0.10077251252598543,0.9545663932924274,0.6431708355212246,0.034581573680477776,0.3063912850968578,0.051640110554076545,0.6229176390425517,0.45451828075386247,0.06580658511135117,0.22663328759780363,0.22405353258080363,0.1796364821057335,0.33842267166780365,0.06453309683077227,0.4423937327461379,0.4015733050947804,0.7862061969519897,0.9248274166747803,0.9538274153630821,0.2669599181165292,0.024778433769649187,0.09334594505280361,0.21082786252053376
1133,0.40303238852568124,0.42820994941097257,0.0,0.3942164578796259,0.40335604633133676,0.46776892559194677,0.25976105146794076,0.49012360861854265,0.2556385632391525,0.30028630958403657,0.6683675509741547,0.3448437572474222,0.7902997122645561,0.696397394592211,0.40467406351442137,0.3021053464975292,0.3817470024979952,0.42804143603201555,0.4658680613130608,0.3807270218308425,0.4236884147254791,0.2938573516090133,0.4197560875280197,0.46994848861019733,0.4478468238943069,0.6843707496013437,0.36416612483387845,0.45846599850693737,0.3378600631586569,0.35081729293526714,0.3767585675100986,0.6716526928320903,0.5133878557214477,0.7133931269158759,0.4519303088103831,0.5150812196875364,0.3704569249353772,0.38503156628072366,0.44275469790938293,0.5865331557476856,0.4242094418306084,0.6826921678704196,0.2938573516090133,0.3131745824562334,0.5226205729381033,0.3612510770142669,0.4501470462407815,0.2938573516090133,0.38387989011893153,0.6930596798044941,0.4381030637150446,0.666609272551593,0.33750188668424574,0.45056158110907585,0.4385673858579908,0.46007039764534025,0.3634121347764339,0.3414035051231368,0.5697605664915018,0.4003689079412252,0.46994848861019733,0.2938573516090133,0.41996251353827585,0.4443386231457529,0.4483401646245724,0.3209978958771546,0.780834706962078,0.40708790974292464,0.7445593311531122,0.4257365040457581,0.45079130170804005,0.39911379457407814,0.3938847629154173,0.31951475117796513,0.45440304184581143,0.41375870472096654,0.3183111273075657,0.32013077564319736,0.3243672460352655,0.2938573516090133,0.41298397164840944,0.3995161257982601,0.37079382494449525,0.7133931269158759,0.7148203545354651,0.7570412798447986,0.28285975748330705,0.4276514844162773,0.4123262913151973,0.2947202267671118
1163,0.012498536595419368,0.11902064974580362,0.3942164578796259,0.0,0.11428257791449177,0.10427693300844917,0.2580424077847796,0.7082920957717662,0.2672242604545403,0.43461584113857143,0.7553961938155178,0.29447519343666667,0.9120536438265714,0.75100221575,0.014825974928176005,0.2507271877740433,0.0176782180656101,0.04795440711254547,0.11575909092244935,0.019124266838774183,0.04178303414187325,0.21940202192200003,0.036208088358401155,0.107366946898,0.07603293618923287,0.75223200265425,0.24810251567734065,0.11800383697726,0.24973191709046375,0.36741689728638705,0.22023255500747366,0.9128039679458927,0.5573099260914615,0.7883548216979999,0.11643520386344891,0.6397454671556666,0.033684406549482,0.013021620561999993,0.1014750733341086,0.7858534212502352,0.06831762193786306,0.7823254738423477,0.21940202192200003,0.11489482919127927,0.6048721149521306,0.20063372237164706,0.07929401143236427,0.21940202192200003,0.014654376901873406,0.9421444737752448,0.484742007849345,0.8945774406479822,0.2739899913377849,0.07988170652996263,0.0628772750868263,0.09336256252000001,0.03954496613963439,0.21811949829906951,0.7690500477863635,0.15459014068192156,0.107366946898,0.21940202192200003,0.12308974047972548,0.07105928369577778,0.07673235607112501,0.32287392796674075,0.915014681218,0.018248137219818196,0.985147815835647,0.5930798215255886,0.08443907606532584,0.31336972812999997,0.1566800414145983,0.5605234492644999,0.43846399670013325,0.062028062461786986,0.107612637852,0.10503288283500001,0.1849219038505,0.21940202192200003,0.061841867152927214,0.4172984372229231,0.43215472763800006,0.7883548216979999,0.9554088392179999,0.9844088379063021,0.18366440533959996,0.11519323236392005,0.02567470469300001,0.2571015920473151
1167,0.10178404131907241,0.02912578612035152,0.40335604633133676,0.11428257791449177,0.0,0.07100852935074903,0.2304853809502086,0.6725118574182822,0.22341162949423055,0.42735939712827153,0.7196767359106876,0.23485045603423887,0.871626654388818,0.7841791378405696,0.09945660298631577,0.18204236224835812,0.13196079598010185,0.0663281708019463,0.07001811594316329,0.13340684475326595,0.07249954377261852,0.33368459983649174,0.07807448955609064,0.07409854324029985,0.04841575587189788,0.7801381576649868,0.20352606013512423,0.09857562706740094,0.1685315770329635,0.32169458920607824,0.17235026200202636,0.8670816598655839,0.5243645917605299,0.7834079387890254,0.05566395338160018,0.594023159075358,0.14796698446397377,0.12730419847649177,0.04189469794283382,0.7401311131699264,0.0481149832097979,0.7699938144516941,0.33368459983649174,0.22917740710577103,0.5591498068718216,0.13643219657603706,0.04853127864863187,0.33368459983649174,0.1289369548163652,0.8964221656949359,0.4390196997690362,0.8488551325676733,0.2958805338903319,0.04855209760081352,0.05140530282766547,0.060094158862299865,0.13787922212678275,0.16376125212128692,0.7617936037760638,0.1285766436486743,0.07409854324029985,0.33368459983649174,0.030372361261163904,0.04823956547341995,0.04844053264668385,0.28993507020799647,0.9035290787988605,0.09603444069467358,0.9394255077553382,0.6286878781069546,0.04780147784798526,0.30188412571086054,0.04905519921803145,0.5937918529222002,0.43602622078460285,0.059227891675336555,0.2218952157664918,0.2193154607494918,0.150510695985382,0.33368459983649174,0.05795440339475766,0.4164029188987799,0.38643241955769114,0.7834079387890254,0.909686531137691,0.938686529825993,0.24846785814726954,0.04506614737500546,0.08860787322149177,0.19568697698344456
1244,0.09177839641302982,0.04188274323039751,0.46776892559194677,0.10427693300844917,0.07100852935074903,0.0,0.3014939103009576,0.7369247366788922,0.29442015884497963,0.4983679264790206,0.7636950337127404,0.27722403103436405,0.915747628157602,0.8147543010904492,0.08945095808027317,0.22692179564850523,0.12195515107405927,0.05632252589590371,0.020206722568898577,0.12340119984722336,0.06249389886657592,0.3236789549304492,0.06806884465004803,0.0030900138895508297,0.028243996819216306,0.8120441722491992,0.21870564688529442,0.07312119253829075,0.21090515203308868,0.3711108816174178,0.18398660366482017,0.9164979522769234,0.5883304037000645,0.7920488060290306,0.01655321788147654,0.6434394514866975,0.13796133955793116,0.11729855357044917,0.03956997102556227,0.7946134258983288,0.05649755187935329,0.7967429620217534,0.3236789549304492,0.21917176219972842,0.615863589439797,0.17276782497326604,0.024982921576084914,0.3236789549304492,0.11893130991032258,0.9458384581062755,0.4928283830077591,0.8982714249790129,0.33909774661216957,0.024395226478486555,0.041399657921622875,0.010914370488449163,0.14382189914808358,0.21498428348157214,0.8328021331268127,0.18826496072339036,0.0030900138895508297,0.3236789549304492,0.050294085169664854,0.0332176493126714,0.02754457693732417,0.36094359955874544,0.9187086655490307,0.08602879578863099,0.9888418001666778,0.6666322892379094,0.023207051502763767,0.3170637124610307,0.08848088896675417,0.6648003822729491,0.4727980444741825,0.07172482299707639,0.21188957086044918,0.20930981584344918,0.221519225336131,0.3236789549304492,0.07048833864421214,0.47620139549198764,0.43584871196903074,0.7920488060290306,0.9591028235490306,0.9881028222373327,0.28523968183684917,0.043058197489969176,0.07860222831544916,0.24989460707006564
1314,0.25848516532484417,0.2596111670705601,0.25976105146794076,0.2580424077847796,0.2304853809502086,0.3014939103009576,0.0,0.5101207866862469,0.08745376059057158,0.22857489083748186,0.6552188926783099,0.10380970456578531,0.8196204581704737,0.7276942214481356,0.25856761424700364,0.16597019601723365,0.25741616132114786,0.259741180690416,0.30050349689337186,0.257364935404199,0.2595225613429064,0.45528408215254235,0.25932507027967366,0.30458392419050845,0.2732499134817413,0.7179987343018008,0.2227891900791656,0.29242747282976844,0.10539015540823382,0.13017488648669218,0.22191850975404104,0.6643081497481149,0.34448408966634286,0.7466919437244068,0.28596958228766023,0.5094693554627062,0.2695664667800244,0.257581120125727,0.2723800788930424,0.5362444843043349,0.24759430611540975,0.7060429443840088,0.45528408215254235,0.35077688942182167,0.35938546615231026,0.20185589816293914,0.27651098872487273,0.45528408215254235,0.2575232801398176,0.6898332999067365,0.24265119514674402,0.6490776518906602,0.21537833144586116,0.27709868382247105,0.26026981956462003,0.29057953981250845,0.25930561154178966,0.17016684659976072,0.5439622802354392,0.2296448987666201,0.30458392419050845,0.45528408215254235,0.2511998251312928,0.2682762609882862,0.2739493333636335,0.16594630703649219,0.8433232297257627,0.2586888434922342,0.739648027078325,0.5480519894945275,0.27828685879819387,0.256588381092,0.22682611908857298,0.3758490909994492,0.36677254520789604,0.24322103758808145,0.3434946980825424,0.3409149430655424,0.1508869801870146,0.45528408215254235,0.24265636024557385,0.23829776745984355,0.22209517051757227,0.7466919437244068,0.709909050460678,0.7446958347328494,0.218526612726739,0.2584357128109884,0.25895192779177967,0.1457852269911818
1343,0.7087348533118307,0.697365760497918,0.49012360861854265,0.7082920957717662,0.6725118574182822,0.7369247366788922,0.5101207866862469,0.0,0.4599530393191515,0.4205163817467533,0.4662603696601184,0.5807941941849004,0.6462225794608658,0.6057946266122078,0.7088173022339902,0.5360771915840052,0.7076658493081345,0.7099908686774026,0.7350238724000062,0.7076146233911855,0.7097722493298929,0.7174510650625974,0.7095747582666602,0.7391042996971428,0.7170026349812524,0.5564023227709578,0.5882454217948452,0.7276218095938828,0.5888650246213063,0.4427084747481692,0.5756014699118797,0.37099878878428527,0.5242320123512338,0.5819736677750649,0.7212658719414773,0.33850976481245454,0.707098834075205,0.7078308081127136,0.7119105089963285,0.44958559852021696,0.6978439941023964,0.4497110284355731,0.7174510650625974,0.7042219751180004,0.48498356068558157,0.6160589269806722,0.7193028573277269,0.7174510650625974,0.7077729681268041,0.41335960913444303,0.4570703659905612,0.33193687590971377,0.45929615845032534,0.7197173921960213,0.7105195075516065,0.7292262087322856,0.6973614485948415,0.604226964779068,0.2937602049876883,0.6620080624852475,0.7391042996971428,0.7174510650625974,0.6900290683155743,0.7134944342326983,0.7174959757115178,0.45917298609481094,0.564795584917922,0.7089385314792207,0.5177561798819098,0.4203296468748613,0.7199471127949856,0.49548228455589616,0.6630405740023628,0.37570936258094156,0.43719296017308396,0.6934707255750681,0.7044799449290293,0.7045713321067661,0.5344068348303571,0.7174510650625974,0.6929060482325604,0.5349519563685914,0.38587825591492636,0.5819736677750649,0.48063038286701293,0.6244521669715364,0.5603628619669195,0.696807295503223,0.7092016157787662,0.5205289298903619
1347,0.26766701799460485,0.2525374156145821,0.2556385632391525,0.2672242604545403,0.22341162949423055,0.29442015884497963,0.08745376059057158,0.4599530393191515,0.0,0.2172075994115698,0.6129256987248695,0.15169683838278522,0.7987464016391851,0.7287950146047446,0.2677494669167643,0.11808692256618436,0.2723290201402493,0.2689230333601767,0.29342974543739386,0.2737750689134134,0.2687044140126671,0.47405282399663917,0.26850692294943435,0.29751017273453045,0.2699177082461294,0.7102334957634946,0.17121009959573946,0.28535372137379045,0.15976766881919105,0.14568729909676892,0.18059929326921872,0.6636596368575336,0.39332071415590864,0.725483121905865,0.27897623043001035,0.4370815727340731,0.2883352086241212,0.2676724226366392,0.2653063274370644,0.5498706128767384,0.25677615878517046,0.65743288765278,0.47405282399663917,0.36954563126591844,0.402158221454066,0.18785716217253218,0.27003323102286336,0.47405282399663917,0.2693051789765126,0.6841620816056468,0.27907530328463426,0.6406130119709708,0.20087449891220138,0.270054049975045,0.2694516722343807,0.28350578835653045,0.2780743533858865,0.16297361927647375,0.5893032682556585,0.23566117625568495,0.29751017273453045,0.47405282399663917,0.24453343164017752,0.26974151784765144,0.26994248502091533,0.11558103810733862,0.7731128414314004,0.2678706961619949,0.7311833871586355,0.4882008251389607,0.2712131073422158,0.17679110362330147,0.21975236763259495,0.3836400552054984,0.3037003062971435,0.2524028902578421,0.36226343992663923,0.3596836849096392,0.14642285405858574,0.47405282399663917,0.25183821291533454,0.2925482783308301,0.1788968858379007,0.725483121905865,0.7014444105409885,0.7649264938016418,0.18381866937974434,0.25136196135501043,0.26813378046154035,0.08523479034411224
1351,0.43505859867863594,0.456485183248623,0.30028630958403657,0.43461584113857143,0.42735939712827153,0.4983679264790206,0.22857489083748186,0.4205163817467533,0.2172075994115698,0.0,0.6044334827513604,0.3111182851289524,0.7889027131764502,0.682395139192,0.4351410476007954,0.3204652799834091,0.4339895946749397,0.4420454005831169,0.4973775130714349,0.43393836875799086,0.43609599469669824,0.5138464964605715,0.4358985036334655,0.5014579403685715,0.4701239296598043,0.66777353609625,0.3394334786301099,0.48930148900783144,0.31918911556535823,0.2168263239595023,0.373271242372782,0.6218184084040285,0.37288945868154943,0.7140126079971428,0.4830233505098718,0.3898359030218571,0.43342257944201035,0.4341545534795188,0.4692540950711054,0.5058662806172101,0.4418703745996673,0.6410292829330435,0.5138464964605715,0.43054572048480566,0.3892196131351615,0.39582289329915965,0.47338500490293567,0.5138464964605715,0.43409671349360945,0.5866040384881019,0.303753151887863,0.5394933673315392,0.28664614430573276,0.47397270000053404,0.4569682685573978,0.4874535559905715,0.4236851939616467,0.37063263116875483,0.4926745927232208,0.41429318763876755,0.5014579403685715,0.5138464964605715,0.4489845849997087,0.46515027716634927,0.47082334954169647,0.20104005692146032,0.7160631557091428,0.43526227684602603,0.6367647607329747,0.41327538528530283,0.47516087497625686,0.27611897969257143,0.4237001352666359,0.24665703414535714,0.2964037747646095,0.42874670553519867,0.43080369029583465,0.4308950774735715,0.33745392921561684,0.5138464964605715,0.4278795878348084,0.27157055264294505,0.2219530250601905,0.7140126079971428,0.599868403930857,0.7178871973577898,0.2509514357989715,0.4553097289890514,0.4355253611455715,0.248473319408955
1365,0.7558389513555824,0.7248147712722983,0.6683675509741547,0.7553961938155178,0.7196767359106876,0.7636950337127404,0.6552188926783099,0.4662603696601184,0.6129256987248695,0.6044334827513604,0.0,0.7036270902934478,0.22503089827528341,0.21265048615059667,0.7559214002777419,0.6014456099262573,0.7547699473518861,0.7570949667211543,0.7550825101174894,0.7547187214349372,0.7568763473736446,0.8009192750115036,0.7566788563104119,0.7667850476022912,0.7580896416071069,0.15724674478011036,0.6571619199927079,0.7546285962415511,0.71313734565739,0.5814172661387512,0.648869567401251,0.4031536212572856,0.6543936653083413,0.5879041777621957,0.7483504577435915,0.49021996636815834,0.7542029321189567,0.7549349061564652,0.743397255032088,0.5292522136603953,0.744948092146148,0.36409558803146624,0.8009192750115036,0.7513260731617522,0.6047945897677093,0.6519506337597961,0.7582051643838409,0.8009192750115036,0.7548770661705559,0.6331018419868034,0.5772197582979626,0.5619442191317465,0.561547494580269,0.7582259833360225,0.7576236055953582,0.7587035392955179,0.7444655466385932,0.6072198873493293,0.5128830689723107,0.6971512851305308,0.7667850476022912,0.8009192750115036,0.7178507537359492,0.757913451208629,0.7581144183818929,0.6109382914018491,0.6645992442878281,0.7560426295229725,0.7007220862736514,0.5678332774937236,0.7562764579007539,0.591059208861642,0.6852228502841459,0.6182572414671778,0.5791096475819354,0.7405748236188197,0.7515840429727811,0.751675430150518,0.611654447927105,0.8009192750115036,0.740010146276312,0.6616086234214724,0.5400554555901338,0.5879041777621957,0.6740813371069849,0.7079875853871571,0.646978024291937,0.7256591601235979,0.7563057138225179,0.6212481058413138
1368,0.2819766568412473,0.24815071996662533,0.3448437572474222,0.29447519343666667,0.23485045603423887,0.27722403103436405,0.10380970456578531,0.5807941941849004,0.15169683838278522,0.3111182851289524,0.7036270902934478,0.0,0.8479916022868051,0.7780741561853333,0.27964921850849067,0.17518979878765176,0.31215341150227677,0.2752288196089697,0.2732530667081968,0.31359946027544083,0.27501020026146006,0.5138772153586666,0.2748127091982273,0.27733349400533336,0.27622349449492234,0.7753640273440832,0.22694108893852022,0.2673833954620733,0.06631887900127538,0.160675668732215,0.2158367400095439,0.6779984363054865,0.31408692358428203,0.7584075235386666,0.2624087781050237,0.5550095894189999,0.32815959998614863,0.3074968139986667,0.26456762538162293,0.5183597874880784,0.27227468967834706,0.7611751000151883,0.5138772153586666,0.4093700226279459,0.34162010932401443,0.21222960171427452,0.27633901727165633,0.5138772153586666,0.30912957033854005,0.6835178627645087,0.21858490289197657,0.6210473939446488,0.30199162600812895,0.276359836223838,0.2757574584831737,0.27683739218333336,0.32511455506017206,0.173259921129041,0.5585586530110302,0.27741233200650983,0.27733349400533336,0.5138772153586666,0.2517744974247059,0.2760473040964444,0.2762482712697083,0.2423224310127407,0.8850673830586666,0.27622705621684845,0.7116177691323138,0.6260622286348266,0.27591833406731087,0.28342242997066663,0.23267288709811929,0.40578082394116666,0.44213731290239994,0.27062116808722686,0.40208783128866665,0.3995080762716666,0.19982047127343938,0.5138772153586666,0.270700409208535,0.2316071172535384,0.26383932385047615,0.7584075235386666,0.6818787925146667,0.7279410677550189,0.30979369826506675,0.26795154593685333,0.2744395667103333,0.16423347748184475
1380,0.9124964013666359,0.882412727153256,0.7902997122645561,0.9120536438265714,0.871626654388818,0.915747628157602,0.8196204581704737,0.6462225794608658,0.7987464016391851,0.7889027131764502,0.22503089827528341,0.8479916022868051,0.0,0.16705053347483984,0.9125788502887953,0.7788968086630519,0.9114273973629395,0.9137524167322078,0.9041545536437696,0.9113761714459907,0.9135337973846981,0.9102804873468398,0.9133363063214652,0.9158570911285713,0.9147470916181604,0.20184271674441379,0.8390161620167366,0.9059069925853114,0.8575018576507472,0.756751142253647,0.8364375868008915,0.45595178031708217,0.8063435837864719,0.5663339731689755,0.8993741623202742,0.6638597286656205,0.9108603821300102,0.9115923561675187,0.9000547050431416,0.6777796814209279,0.9016055421572016,0.49073069810385717,0.9102804873468398,0.9079835231728055,0.7660003457978245,0.8048333095998111,0.9148626143948944,0.9102804873468398,0.9115345161816093,0.6419450542582468,0.7389305608362648,0.6435393996391048,0.7598516907074003,0.9148834333470759,0.9142810556064116,0.9153609893065713,0.9011229966496468,0.7551031589867565,0.6626422542518327,0.8513616567476139,0.9158570911285713,0.9102804873468398,0.8745082037470027,0.9145709012196824,0.9147718683929463,0.7946274458232515,0.6715001451518903,0.9127000795340259,0.7029154556047909,0.7184095063747782,0.9129339079118073,0.7784440638766175,0.8439428013157817,0.7563987200972186,0.7692548954206164,0.8972322736298731,0.9082414929838345,0.9083328801615713,0.7883546895980915,0.9102804873468398,0.8966675962873656,0.8101340514747897,0.719861752648681,0.5663339731689755,0.676274706438124,0.6825386590071568,0.8361547862499499,0.8881660225623136,0.9129631638335713,0.8039783606974364
1386,0.7514449732900645,0.8010933566908527,0.696397394592211,0.75100221575,0.7841791378405696,0.8147543010904492,0.7276942214481356,0.6057946266122078,0.7287950146047446,0.682395139192,0.21265048615059667,0.7780741561853333,0.16705053347483984,0.0,0.7515274222122241,0.7550985453459969,0.7503759692863683,0.7584317751945455,0.8061417774951982,0.7503247433694193,0.7524823693081268,0.7432299538720001,0.7522848782448941,0.8178443149800001,0.7865103042712329,0.08162908247125002,0.7674519099131869,0.80568786361926,0.7875844115492754,0.733121834536129,0.7563475609842105,0.5547988612182375,0.7061190934888462,0.60908092998,0.8131362901962229,0.6253989636683335,0.749808954053439,0.7505409280909474,0.796739091280362,0.6371613755764707,0.7674494938554794,0.4771119008547826,0.7432299538720001,0.7469320950962343,0.7124009351145651,0.7730997772771764,0.7897713795143643,0.7432299538720001,0.7504830881050379,0.7541206429923881,0.7173967160845613,0.7192636083225221,0.6638586630806022,0.7903590746119626,0.7733546431688263,0.8038399306020001,0.7472873788853334,0.6844160466715508,0.5811574506138182,0.74622237087817,0.8178443149800001,0.7432299538720001,0.797397314757804,0.7815366517777779,0.7872097241531251,0.7133926038931853,0.7357407895000001,0.7516486514574546,0.79525143,0.60398571343296,0.793055272866427,0.726719426112,0.7862523689096187,0.6438920407145,0.6640700289554667,0.757045571727219,0.7471900649072633,0.7472814520850001,0.7341194453415908,0.7432299538720001,0.7568223724906445,0.6825326459356923,0.7009283006339048,0.60908092998,0.7686106808333333,0.7870767061883019,0.7015518822184001,0.79585463652592,0.751911735757,0.7527375500471234
1431,0.0023274383327566398,0.10419467481762762,0.40467406351442137,0.014825974928176005,0.09945660298631577,0.08945095808027317,0.25856761424700364,0.7088173022339902,0.2677494669167643,0.4351410476007954,0.7559214002777419,0.27964921850849067,0.9125788502887953,0.7515274222122241,0.0,0.2359012128458673,0.0325041929937861,0.03312843218436946,0.10093311599427332,0.03395024176695019,0.02695705921369725,0.234227996850176,0.02138211343022515,0.092540971969824,0.06120696126105687,0.752757209116474,0.23327654074916465,0.103177862049084,0.23490594216228775,0.3679421037486111,0.20540658007929766,0.9133291744081167,0.5578351325536854,0.788880028160224,0.10160922893527288,0.6402706736178906,0.04851038147765801,0.027847595490176003,0.08664909840593259,0.7863786277124591,0.053491647009687046,0.7828506803045718,0.234227996850176,0.12972080411945527,0.6053973214143544,0.18580774744347106,0.06446803650418825,0.234227996850176,0.029480351830049413,0.9426696802374688,0.48526721431156905,0.8951026471102062,0.2745151978000089,0.06505573160178663,0.048051300158650306,0.07853658759182401,0.05437094106781039,0.20329352337089351,0.7695752542485876,0.1551153471441456,0.092540971969824,0.234227996850176,0.10826376555154948,0.05623330876760177,0.06190638114294901,0.32339913442896473,0.915539887680224,0.0034221622916421907,0.9856730222978711,0.603537427160384,0.06961310113714983,0.313894934592224,0.14185406648642224,0.575349424192676,0.4389892031623573,0.04720208753361098,0.12243861278017601,0.11985885776317601,0.18193184093090586,0.234227996850176,0.047015892224751214,0.4178236436851471,0.43267993410022404,0.788880028160224,0.9559340456802239,0.9849340443685259,0.19578872375657597,0.10036725743574403,0.010848729764824002,0.24227561711913911
1441,0.2382286511786239,0.19304140545484827,0.3021053464975292,0.2507271877740433,0.18204236224835812,0.22692179564850523,0.16597019601723365,0.5360771915840052,0.11808692256618436,0.3204652799834091,0.6014456099262573,0.17518979878765176,0.7788968086630519,0.7550985453459969,0.2359012128458673,0.0,0.26840540583965344,0.22492658422311085,0.2229508313223379,0.26985145461281745,0.22470796487560124,0.4701292096960433,0.22451047381236844,0.22703125861947449,0.22592125910906352,0.7052503455496928,0.10566135465535609,0.21708116007621447,0.16066254691349593,0.1785686364179568,0.1120248145958643,0.7148479177531015,0.48927672237193376,0.7215736526890262,0.21054832981117727,0.4551714006804797,0.2844115943235253,0.2637488083360433,0.21122887253404465,0.6304667039853808,0.21277970964810458,0.6509273473943122,0.4701292096960433,0.3656220169653226,0.4799264948977532,0.09206913210921752,0.2260367818857975,0.4701292096960433,0.26538156467591667,0.7336685797370286,0.3304567608454018,0.6990898945818216,0.18963170986223365,0.22605760083797916,0.22545522309731486,0.2265351567974745,0.2741507390852906,0.13618592454726164,0.6616554185268921,0.23897344639427964,0.22703125861947449,0.4701292096960433,0.18568237123790585,0.22574506871058558,0.22594603588384948,0.19236506358184674,0.7785142648158887,0.23247905055422508,0.8079586027524848,0.5129100835026514,0.22410807540271044,0.14558263077283462,0.15549332083380651,0.48689773577733775,0.335584194659622,0.20840644112077628,0.3583398256260433,0.3557600706090433,0.11952879726854257,0.4701292096960433,0.20784176377826868,0.37989725375062655,0.22367883359978363,0.7215736526890262,0.7782196261348377,0.8204753733166581,0.1871967274349626,0.19349077762555447,0.22505248308104325,0.07212728018335511
1457,0.030176754661029467,0.13669886781141372,0.3817470024979952,0.0176782180656101,0.13196079598010185,0.12195515107405927,0.25741616132114786,0.7076658493081345,0.2723290201402493,0.4339895946749397,0.7547699473518861,0.31215341150227677,0.9114273973629395,0.7503759692863683,0.0325041929937861,0.26840540583965344,0.0,0.06563262517815557,0.13343730898805944,0.0014460487731640824,0.059461252207483356,0.20172380385638988,0.05388630642401125,0.12504516496361012,0.09371115425484297,0.7516057561906183,0.26578073374295075,0.1356820550428701,0.26741013515607387,0.3667906508227553,0.23791077307308375,0.9121777214822611,0.5566836796278297,0.7877285752343681,0.134113421929059,0.6391192206920349,0.016006188483871902,0.004656597503610105,0.1191532913997187,0.7852271747866034,0.08599584000347314,0.781699227378716,0.20172380385638988,0.09721661112566918,0.6042458684884988,0.21831194043725716,0.09697222949797435,0.20172380385638988,0.0030238411637366924,0.941518227311613,0.4841157613857132,0.8939511941843504,0.2733637448741531,0.09755992459557272,0.0805554931524364,0.11104078058561012,0.021866748074024295,0.2357977163646796,0.7684238013227318,0.15396389421828982,0.12504516496361012,0.20172380385638988,0.14076795854533558,0.08873750176138787,0.0944105741367351,0.322247681503109,0.9143884347543683,0.0359263552854283,0.9845215693720153,0.5811951880905283,0.10211729413093595,0.3237977030956101,0.17435825948020836,0.5428452311988898,0.4378377502365015,0.0797062805273971,0.08993441978638991,0.0873546647693899,0.2026001219161101,0.20172380385638988,0.07952008521853732,0.4166721907592913,0.43152848117436826,0.7877285752343681,0.9547825927543682,0.9837825914426702,0.1830381588759682,0.13287145042953014,0.04335292275861011,0.2747798101129252
1466,0.035455870517126106,0.07106624263325817,0.42804143603201555,0.04795440711254547,0.0663281708019463,0.05632252589590371,0.259741180690416,0.7099908686774026,0.2689230333601767,0.4420454005831169,0.7570949667211543,0.2752288196089697,0.9137524167322078,0.7584317751945455,0.03312843218436946,0.22492658422311085,0.06563262517815557,0.0,0.06780468380990387,0.06707867395131967,0.006171372970672217,0.2673564290345455,0.011746318754144319,0.05941253978545454,0.028078529076687404,0.7557216463532955,0.21671043545990004,0.07112598111289639,0.20890994060769433,0.36911567019202346,0.18199139223942581,0.9145027408515292,0.5590086989970978,0.7900535946036363,0.06848079675090343,0.641444240061303,0.08163881366202747,0.06097602767454546,0.05352066622156311,0.7875521941558716,0.020363214825317583,0.7840242467479842,0.2673564290345455,0.16284923630382475,0.6065708878577669,0.17077261354787165,0.03133960431981879,0.2673564290345455,0.06260878401441888,0.9438432466808813,0.48644078075498143,0.8962762135536186,0.2827752207162658,0.03192729941741715,0.014922867974280836,0.04540815540745454,0.08749937325217987,0.19911436844855612,0.776479607230909,0.15628891358755795,0.05941253978545454,0.2673564290345455,0.07513533336718001,0.023104876583232306,0.02877794895857954,0.3245727008723771,0.9167134541236364,0.029706269892727274,0.9868465887412834,0.6269047996779782,0.03648466895278037,0.3150685010356364,0.10872563430205279,0.6084778563770454,0.44016276960576967,0.018623745155589032,0.1555670449645455,0.15298728994754546,0.18310540737431819,0.2673564290345455,0.01708482044484217,0.4198788695960839,0.4338535005436364,0.7900535946036363,0.9571076121236364,0.9861076108119384,0.22891715594094544,0.06723882525137455,0.022279702419545463,0.24310805796938983
1488,0.10326055432702996,0.04110368805796528,0.4658680613130608,0.11575909092244935,0.07001811594316329,0.020206722568898577,0.30050349689337186,0.7350238724000062,0.29342974543739386,0.4973775130714349,0.7550825101174894,0.2732530667081968,0.9041545536437696,0.8061417774951982,0.10093311599427332,0.2229508313223379,0.13343730898805944,0.06780468380990387,0.0,0.1348833577612235,0.07397605678057607,0.3351611128444493,0.07955100256404818,0.020316185539867845,0.03972615473321645,0.8034316486539481,0.21498328167806985,0.07070264156484571,0.20693418770692143,0.3671399172912505,0.18026423845759562,0.9049048777630908,0.5873399902924787,0.7883264408218063,0.021295046606277745,0.6318463769728648,0.14944349747193134,0.12878071148444933,0.03001022994882151,0.7839907440086098,0.05851445676034398,0.7881304384265025,0.3351611128444493,0.2306539201137286,0.6148731760322113,0.16018321259203266,0.03646507949008507,0.3351611128444493,0.13041346782432275,0.9418674937801083,0.49183796960017334,0.8943004606528457,0.33811321404395667,0.03587738439248671,0.05288181583562303,0.02239652840244932,0.1463984525459547,0.20637175988632123,0.831811719719227,0.17103878907307335,0.020316185539867845,0.3351611128444493,0.049303671762079115,0.04469980722667155,0.039026734851324324,0.35995318615115973,0.9149863003418062,0.09751095370263113,0.9848708358405105,0.6571093147713583,0.03282803813586506,0.3133413472538062,0.07986836537150324,0.6638099688653634,0.47205623018553944,0.0703614414574624,0.22337172877444933,0.22079197375744933,0.22052881192854526,0.3351611128444493,0.07186339473757435,0.4752109820844018,0.425286437118673,0.7883264408218063,0.9551318592228634,0.9841318579111653,0.28449786754820616,0.04231638320132616,0.09008438622944932,0.2489041936624799
1493,0.03162280343419355,0.1381449165845778,0.3807270218308425,0.019124266838774183,0.13340684475326595,0.12340119984722336,0.257364935404199,0.7076146233911855,0.2737750689134134,0.43393836875799086,0.7547187214349372,0.31359946027544083,0.9113761714459907,0.7503247433694193,0.03395024176695019,0.26985145461281745,0.0014460487731640824,0.06707867395131967,0.1348833577612235,0.0,0.060907300980647436,0.2002777550832258,0.05533235519717533,0.1264912137367742,0.09515720302800706,0.7515545302736695,0.2672267825161148,0.13712810381603419,0.26885618392923794,0.36673942490580647,0.23935682184624787,0.9121264955653121,0.5566324537108809,0.7876773493174193,0.13555947070222307,0.6390679947750859,0.014560139710707819,0.0061026462767741875,0.12059934017288279,0.7851759488696546,0.08744188877663724,0.7816480014617672,0.2002777550832258,0.0957705623525051,0.6041946425715499,0.21975798921042122,0.09841827827113844,0.2002777550832258,0.004469889936900775,0.9414670013946642,0.4840645354687644,0.8938999682674016,0.2733125189572042,0.09900597336873682,0.0820015419256005,0.11248682935877419,0.02042069930086021,0.2372437651378437,0.768372575405783,0.15391266830134093,0.1264912137367742,0.2002777550832258,0.14221400731849967,0.09018355053455196,0.09585662290989919,0.32219645558616006,0.9143372088374194,0.03737240405859238,0.9844703434550663,0.5811439621735793,0.10356334290410002,0.3252437518687742,0.17580430825337243,0.5413991824257258,0.4377865243195526,0.08115232930056118,0.08848837101322582,0.08590861599622582,0.20404617068927422,0.2002777550832258,0.08096613399170138,0.41662096484234246,0.4314772552574194,0.7876773493174193,0.9547313668374193,0.9837313655257214,0.18298693295901935,0.1343174992026942,0.04479897153177419,0.2762258588860893
1496,0.02928449754645389,0.07723761560393037,0.4236884147254791,0.04178303414187325,0.07249954377261852,0.06249389886657592,0.2595225613429064,0.7097722493298929,0.2687044140126671,0.43609599469669824,0.7568763473736446,0.27501020026146006,0.9135337973846981,0.7524823693081268,0.02695705921369725,0.22470796487560124,0.059461252207483356,0.006171372970672217,0.07397605678057607,0.060907300980647436,0.0,0.2611850560638732,0.005574945783472103,0.06558391275612675,0.03424990204735963,0.7537121562123769,0.2164918161123905,0.07622080283538675,0.20869132126018472,0.36889705084451385,0.18177277289191623,0.9142841215040196,0.5587900796495883,0.7898349752561267,0.07465216972157565,0.6412256207137934,0.07546744069135525,0.05480465470387325,0.05969203919223533,0.7873335748083619,0.0265345877959898,0.7838056274004745,0.2611850560638732,0.15667786333315253,0.6063522685102574,0.17055399420036205,0.037510977290491014,0.2611850560638732,0.05643741104374666,0.9436246273333716,0.48622216140747176,0.8960575942061089,0.2766038477455936,0.038098672388089366,0.021094240944953054,0.051579528378126765,0.08132800028150765,0.19889574910104652,0.7705302013444904,0.15607029424004834,0.06558391275612675,0.2611850560638732,0.08130670633785222,0.029276249553904524,0.03494932192925176,0.32435408152486755,0.9164948347761268,0.023534896922055057,0.9866279693937738,0.6225517783714417,0.04265604192345259,0.3148498816881268,0.114897007272725,0.6023064834063733,0.43994415025826006,0.020245028319913733,0.14939567199387324,0.14681591697687324,0.18288678802680863,0.2611850560638732,0.02005883301105396,0.41877859078104984,0.4336348811961268,0.7898349752561267,0.9568889927761267,0.9858889914644288,0.2227457829702732,0.07341019822204677,0.016108329448873245,0.24288943862188023
1512,0.23190055851741936,0.33842267166780365,0.2938573516090133,0.21940202192200003,0.33368459983649174,0.3236789549304492,0.45528408215254235,0.7174510650625974,0.47405282399663917,0.5138464964605715,0.8009192750115036,0.5138772153586666,0.9102804873468398,0.7432299538720001,0.234227996850176,0.4701292096960433,0.20172380385638988,0.2673564290345455,0.3351611128444493,0.2002777550832258,0.2611850560638732,0.0,0.25561011028040115,0.32676896882,0.2954349581112329,0.7444597407762501,0.46750453759934063,0.33740585889926,0.4691339390124638,0.5670171799890322,0.4396345769294736,0.9050317060678927,0.6731636042519231,0.7805825598199999,0.3358372257854489,0.6946534823443333,0.185717615372518,0.20638040135999997,0.3208770952561086,0.8099253643604705,0.28771964385986304,0.803974488312174,0.0,0.10450719273072072,0.7239791073241304,0.42003574429364715,0.29869603335436423,0.0,0.2047476450201266,0.9343722118972448,0.6392169015035087,0.8994254953561278,0.4299328962339784,0.2992837284519626,0.28227929700882626,0.31276458444200006,0.1959784706107527,0.4375215202210695,0.7612777859083637,0.3458441599803922,0.32676896882,0.0,0.3424917624017255,0.2904613056177778,0.29613437799312503,0.5005646747702223,0.90724241934,0.2376501591418182,0.977375553957647,0.5740491726761601,0.30384109798732584,0.525521506952,0.37608206333659827,0.5065978886535,0.5705408683954667,0.28143008438378697,0.11178938407,0.11436913908699999,0.40432392577250004,0.0,0.28124388907492726,0.544864046544923,0.6031956818552382,0.7805825598199999,0.94763657734,0.976636576028302,0.3382975889016,0.33459525428592,0.24507672661500002,0.47650361396931507
