,1035,1072,1133,1163,1167,1244,1314,1343,1347,1351,1365,1368,1380,1386,1431,1441,1457,1466,1488,1493,1496,1512,1552,1560,1574,1585,1607,1608,1630,1639,1650,1655,1661,1667,1730,1758,1774,1799,1806,1818,1822,1825,1864,1871,1876,1913,1972,1973,2024,2028,2074,2088,2104,2108,2118,2137,3003,3011,3012,3021,3022,3024,3031,3036,3040,3046,3048,3049,3052,3053,3059,3060,3063,3068,3073,3080,3086,3087,3090,3128,3162,3173,3191,3201,3213,3217,3222,8223,8288,8876
1035,0.0,0.10652211314473284,0.39404355580478034,0.01249853659465439,0.10178404131407556,0.09177839640741248,0.25848516531819027,0.6674794743015438,0.26961494817545406,0.4350585986734009,0.7573525393549788,0.28197665683010753,0.9065943133936867,0.750023353672258,0.002327438332614188,0.23758768588972626,0.030176754659182486,0.03545587051495602,0.10324098356659796,0.03162280343225807,0.029284497544661524,0.23190055850322583,0.023709551761530636,0.09486841029677419,0.06353439958992486,0.7514530558347582,0.22799097659259834,0.10550530037617419,0.23723338048518,0.36785965481677413,0.21296854408624782,0.9138135784886565,0.5577526836168735,0.7887975792322581,0.10393666726208375,0.581064013668258,0.046182943142074724,0.02552015715585739,0.08897653673374249,0.7745041400548462,0.05581908533951394,0.811781147286171,0.23190055850322583,0.1273933657789015,0.6053148724764972,0.1881351857704212,0.06679547483285667,0.23190055850322583,0.02715291349563087,0.9426125492344802,0.48671506599167325,0.8962058215016364,0.2749201088438709,0.06738316993041905,0.0503787384883235,0.08086402591963134,0.052043502732473115,0.20695229478533034,0.7694928053169854,0.15499805459957833,0.09486841029677419,0.23190055850322583,0.11059120387889182,0.05856074709677418,0.0642338194717742,0.31504890214588777,0.915457438752258,0.005749600624046924,0.9708745898016699,0.5533504250214658,0.0719405394655832,0.31188808781425803,0.14327425386340178,0.5730219858512258,0.43890675423652464,0.049529525863993125,0.12011117444006791,0.11753141942322581,0.18474537092248539,0.23190055850322583,0.049343330555152554,0.4307766145076427,0.4280289576603533,0.7887975792322581,0.9558515967455914,1.0109960061664092,0.1934612854232258,0.10269469576349421,0.013176168096774191,0.2446030554452126
1072,0.10652211314473284,0.0,0.4439392089827949,0.11902064973938724,0.029125786119231306,0.041882743229398,0.25961116706547754,0.6647548870310453,0.2544853457990657,0.45648518324238313,0.7263283592773461,0.24815071996113694,0.8765106391858482,0.7992719816188114,0.10419467481211866,0.1924004401715577,0.13669886780391532,0.07106624262977683,0.04034968448310933,0.1381449165769909,0.07723761560007132,0.33842267164795864,0.08281256138320221,0.0449727571187597,0.04298771355480798,0.7967617680363113,0.20042021703641646,0.09117074113461963,0.18183184096113694,0.3368354747391414,0.1811659162355827,0.8827893984110237,0.5516497562646749,0.786206196950801,0.02653816726044702,0.5500398335906254,0.15270505628680758,0.13204227030059024,0.0292047299035541,0.7514328526802991,0.054693676643090834,0.8074761142094147,0.33842267164795864,0.23391547892363435,0.5742906923988644,0.14660647822805958,0.039726638311876186,0.33842267164795864,0.1336750266403637,0.9115883691568476,0.4556908859140405,0.8651816414240036,0.31485995382340254,0.0391389432143138,0.05614337465640935,0.03388876802251756,0.1444579155545653,0.18254693346690984,0.7909193898859675,0.15056643774192432,0.0449727571187597,0.33842267164795864,0.015335253181813623,0.047961366047958656,0.04228829367295865,0.3107930729696847,0.9080362381836692,0.10077251252068592,0.9398504097240371,0.6123767777116249,0.03458157367914967,0.3044668872456692,0.05073285960395084,0.6229176390292402,0.45451828075188416,0.06580658510807427,0.22663328758480078,0.22405353256795868,0.18253246102146758,0.33842267164795864,0.06453309682747616,0.4525561678123673,0.39700477758272057,0.786206196950801,0.9248274166679586,0.9799718260887763,0.2669599181102842,0.024778433769004224,0.09334594504795865,0.21082786251950206
1133,0.39404355580478034,0.4439392089827949,0.0,0.38154501921012596,0.4148134228635636,0.48582195221219293,0.2656695893483736,0.5058164503088446,0.26846053243224083,0.29999375115009164,0.6902053889610321,0.3638072347355725,0.8053678692306003,0.6860939344171083,0.3963709941373945,0.3186631154607111,0.3638668011455979,0.4294994263197365,0.48366396893084973,0.36242075237252236,0.4233280533494419,0.2404652853294241,0.417753107566311,0.48891196610155463,0.45757795539470525,0.6875236365796082,0.3755165998417192,0.47675551474095457,0.3568235406480826,0.3697807704248799,0.40095657068145585,0.6911830233340799,0.5230936236253161,0.7323566044072332,0.4702976241990933,0.5124289268426868,0.3478606126627056,0.36852339864892303,0.45670812080531026,0.59216419104797,0.4293244003355272,0.7299461140275431,0.2404652853294241,0.26665019002587886,0.5384444793464783,0.38021455450562414,0.460839030637637,0.2404652853294241,0.3668906423091495,0.7120484752229552,0.4563446738718031,0.6867583733644729,0.337282579919904,0.4614267257351994,0.44442229429310387,0.4749075817244117,0.34200005307230724,0.3499770941295315,0.569468008053349,0.40718513767192877,0.48891196610155463,0.2404652853294241,0.4355278670433586,0.4526043029015546,0.45827737527655454,0.32028260576189754,0.7997981844534354,0.3997931564288273,0.7488068250783606,0.3573684443511953,0.4626149007107232,0.41615287421543534,0.40434203403897395,0.29274514334694884,0.46309663351103536,0.4162007312716137,0.27393238136471243,0.2765121363815546,0.33419167999329463,0.2404652853294241,0.41533361357124277,0.40782948567762384,0.3884372188975028,0.7323566044072332,0.7337838320222821,0.8021491680641312,0.2710135774962642,0.4427637547228346,0.4072197239015546,0.3113096724329791
1163,0.01249853659465439,0.11902064973938724,0.38154501921012596,0.0,0.11428257790872995,0.10427693300206686,0.25804240777736076,0.6670367167607142,0.2691721906346246,0.43461584113257146,0.7569097818141493,0.2944751934247619,0.9061515558528572,0.7495805961314286,0.014825974927268578,0.25008622248438067,0.017678218064528097,0.04795440710961041,0.11573952016125234,0.019124266837603675,0.04178303413931591,0.21940202190857144,0.036208088356185025,0.10736694689142859,0.07603293618457926,0.7510102982939286,0.24048951318725273,0.11800383697082859,0.2497319170798344,0.3674168972759447,0.2254670806809022,0.913370820947827,0.5573099260760439,0.7883548216914286,0.11643520385673814,0.5806212561274285,0.03368440654742033,0.013021620561203002,0.10147507332839689,0.7740613825140168,0.06831762193416832,0.8113383897453414,0.21940202190857144,0.1148948291842471,0.6048721149356677,0.2006337223650756,0.07929401142751105,0.21940202190857144,0.014654376900976481,0.9421697916936508,0.4862723084508438,0.8957630639608067,0.2744773513030414,0.07988170652507344,0.06287727508297788,0.09336256251428574,0.03954496613781872,0.21945083137998472,0.7690500477761557,0.15455529705874882,0.10736694689142859,0.21940202190857144,0.1230897404735462,0.07105928369142858,0.07673235606642859,0.3146061446050582,0.9150146812114285,0.018248137218701315,0.9704318322608404,0.5408518884268114,0.08443907606023758,0.3114453302734286,0.15577279045805617,0.5605234492565714,0.4384639966956952,0.06202806245864751,0.10761263784541353,0.10503288282857143,0.18781788276347405,0.21940202190857144,0.06184186714980694,0.43033385696681314,0.42758620011952375,0.7883548216914286,0.9554088392047618,1.0105532486255795,0.18366440533942854,0.1151932323581486,0.02567470469142858,0.257101592039867
1167,0.10178404131407556,0.029125786119231306,0.4148134228635636,0.11428257790872995,0.0,0.0710085293486293,0.2304853809462462,0.6356291009118141,0.22535955967983434,0.42735939712315185,0.7214437775448571,0.23485045602809596,0.8653798834582644,0.7822727238585607,0.09945660298146138,0.18140139696394728,0.13196079597325805,0.06632817079911954,0.06891629297083879,0.13340684474633363,0.07249954376941405,0.33368459981730136,0.07807448955254492,0.074098543237991,0.048415755870789674,0.7797625102760607,0.19591305764929895,0.09857562706523211,0.16853157702809596,0.3216945892013977,0.17758478767971747,0.8676485128732799,0.5243645917501464,0.7834079387867166,0.055663953379678326,0.5348989480528816,0.1479669844561503,0.12730419846993296,0.04189469794174669,0.7283390744394699,0.048114983207730784,0.7998527873304647,0.33368459981730136,0.22917740709297707,0.5591498068611207,0.1364321965737282,0.048531278647723254,0.33368459981730136,0.12893695480970643,0.8964474836191038,0.44055000037629677,0.8500407558862598,0.29636789385479745,0.04855209759994088,0.051405302825752064,0.060094158860848165,0.13787922211920525,0.1650925852064647,0.7617936037667363,0.1273193324645738,0.074098543237991,0.33368459981730136,0.030372361259874667,0.04823956547200733,0.04844053264561845,0.28166728685045345,0.9035290787965516,0.09603444069002864,0.924709524186293,0.5877617317267257,0.04780147784715956,0.29995972785855174,0.04551864065738655,0.593791852910009,0.43602622078327913,0.059227891672714195,0.2218952157541435,0.2193154607373014,0.15340667490223628,0.33368459981730136,0.057954403392116105,0.4252710032978388,0.3818638920449768,0.7834079387867166,0.9096865311302148,0.9648309405510325,0.24846785814167915,0.04506614737349661,0.08860787321730138,0.19568697698175827
1244,0.09177839640741248,0.041882743229398,0.48582195221219293,0.10427693300206686,0.0710085293486293,0.0,0.30149391029487554,0.7066376302604434,0.2963680890284637,0.4983679264717812,0.7658979786118792,0.27722403102884163,0.9098455401902703,0.8133326814706383,0.0894509580747983,0.2262808303652249,0.12195515106659496,0.05632252589245647,0.0201871518140839,0.12340119983967054,0.06249389886275097,0.3236789549106383,0.06806884464588185,0.0030900138893617045,0.02824399681748762,0.8108224678881383,0.2110926444015888,0.07312119253824162,0.2109051520288416,0.3711108816133577,0.18922112934463103,0.91706480528524,0.5883304036875614,0.7920488060288416,0.016553217881148097,0.5843152404648416,0.1379613395494872,0.11729855356326988,0.03956997102452968,0.7933155959096971,0.05649755187666571,0.8257558779297687,0.3236789549106383,0.21917176218631396,0.6158635894287905,0.1727678249730769,0.024982921574555825,0.3236789549106383,0.11893130990304335,0.9458637760310639,0.49435868361508273,0.8994570482982198,0.3395851065760146,0.024395226476993437,0.04139965791908899,0.010914370487781145,0.1438218991398856,0.21631561656710885,0.8328021331153654,0.1882301171027952,0.0030900138893617045,0.3236789549106383,0.050294085168834365,0.03321764931063831,0.027544576935638297,0.3526758161990828,0.9187086655488416,0.08602879578336556,0.9741258165982535,0.6451288214288784,0.023207051501469747,0.3151393146108416,0.0875736380162688,0.6648003822586382,0.4727980444722382,0.07172482299383355,0.21188957084748042,0.2093098158306383,0.2244152042508656,0.3236789549106383,0.07048833864095012,0.48923681523525375,0.43128018445693683,0.7920488060288416,0.9591028235421749,1.0142472329629926,0.2852396818306383,0.0430581974893583,0.07860222831063829,0.24989460706839176
1314,0.25848516531819027,0.25961116706547754,0.2656695893483736,0.25804240777736076,0.2304853809462462,0.30149391029487554,0.0,0.4669898246004414,0.08752610769453327,0.228574890835816,0.6588553722225962,0.10380970456079096,0.8140635000255567,0.7238783214883051,0.2585676142404922,0.16532923072936895,0.257416161312647,0.2597411806859322,0.29933592701353245,0.2573649353956096,0.25952256133804485,0.4552840821316949,0.2593250702744709,0.30458392418423724,0.2732499134773879,0.7213681079058052,0.2151761875893779,0.29242747282363724,0.10539015540451484,0.1301748864831602,0.22615762219471902,0.6648750027568348,0.3444840896578357,0.7466919437181356,0.28596958228177594,0.45184999777094353,0.26956646677054386,0.2575811201175111,0.272380078887993,0.5237377949690947,0.2475943061116856,0.7396469382534046,0.4552840821316949,0.3507768894073706,0.359385466142758,0.201855898156668,0.27651098872031976,0.4552840821316949,0.2575232801315018,0.6898586178320528,0.24418149575515313,0.6502632752103952,0.21586569140866957,0.2770986838178821,0.26026981956104955,0.2905795398070944,0.25930561153255516,0.17063370009246898,0.5439622802295656,0.22756616651760386,0.30458392418423724,0.4552840821316949,0.2511998251260412,0.26827626098423724,0.27394933335923727,0.15767852367896174,0.8433232297194915,0.2586888434859322,0.7249320435104287,0.47413277854406505,0.2782868587934058,0.2546639832357288,0.22001399212165657,0.37584909099071195,0.3667725452037582,0.24322103758380204,0.34349469806853705,0.34091494305169495,0.1537829591025616,0.4552840821316949,0.24265636024127524,0.23295947629953062,0.2177416220513963,0.7466919437181356,0.7099090504543502,0.7650534598751679,0.2185266127194916,0.25843571280551725,0.2589519277859322,0.1457852269867736
1343,0.6674794743015438,0.6647548870310453,0.5058164503088446,0.6670367167607142,0.6356291009118141,0.7066376302604434,0.4669898246004414,0.0,0.42053901510146785,0.37926100274029867,0.32691684225771395,0.551417538637684,0.5115210886867316,0.4330984974227923,0.6675619232238457,0.5024108321085069,0.6664104702960004,0.6687354896692856,0.700667678697162,0.6663592443789631,0.6685168703213983,0.7108949739147401,0.6683193792578244,0.709727644149805,0.6783936334429558,0.4305882838402922,0.551255763763991,0.6975711927892052,0.5594883690753651,0.4133318192024152,0.5203970518340157,0.34583526485069893,0.4855976472197353,0.5872963001043506,0.6912930542914926,0.36045259682467967,0.6658434550620914,0.6665754291008645,0.6775237988535608,0.3805195794841337,0.6565886150950391,0.4233782288459204,0.7108949739147401,0.6629665960999163,0.4522738416559811,0.5866822714333346,0.6816547086858876,0.7108949739147401,0.6665175891148553,0.4187075593941607,0.42663449984879503,0.3277426651276087,0.4175534194740169,0.68224240378345,0.669264128544403,0.6957232597726623,0.6561060695819738,0.5286838803910886,0.282407010001961,0.6136973607458837,0.709727644149805,0.7108949739147401,0.6572542887819619,0.6734199809498052,0.6790930533248052,0.4101175629425844,0.5701182172472078,0.6676831524692857,0.5083628286484148,0.357596342155188,0.6834305787589737,0.4641812311585584,0.6251577120872247,0.3691532714440389,0.397546418799613,0.6522153465671555,0.6632245659113909,0.6633159530892856,0.5097987074699675,0.7108949739147401,0.6516506692246289,0.49157047342536964,0.36454344519339826,0.5872963001043506,0.4859530151950865,0.653344611670136,0.519107482956039,0.6635794327710851,0.6679462367692857,0.4887782425181475
1347,0.26961494817545406,0.2544853457990657,0.26846053243224083,0.2691721906346246,0.22535955967983434,0.2963680890284637,0.08752610769453327,0.42053901510146785,0.0,0.2191555295948826,0.6149109390310528,0.15364476856483245,0.7874607776739383,0.7135312032603626,0.269697397097756,0.1157451488213185,0.2742769503192516,0.270870963543196,0.2942101057471205,0.2757229990923271,0.2706523441953087,0.4760007541632949,0.2704548531317347,0.2994581029178254,0.2718656384308672,0.7110209896778624,0.16554502729551784,0.2873016515572253,0.16171559900251364,0.14763522928027847,0.18194797506991067,0.660340645990817,0.39526864433395764,0.7274310520891598,0.28092416061369224,0.375576371168765,0.29028313880214374,0.26962035281592645,0.267254257621581,0.5310553255876942,0.2587240889689494,0.6914059195776004,0.4760007541632949,0.3714935614389706,0.4041061516315552,0.18980509235582707,0.2719811612078008,0.4760007541632949,0.2712531091556999,0.6861353297180048,0.282553534080085,0.6437465654777473,0.20330978906251299,0.2720019801600184,0.2713996024183134,0.28545371854068247,0.2800222835641551,0.15568471201557937,0.5912511984347636,0.23553037419541253,0.2994581029178254,0.4760007541632949,0.246481361824492,0.27168944803208483,0.271890415205696,0.10926118493799429,0.7750607716146952,0.269818626343196,0.7184153337777808,0.4153612714380423,0.2731610375269939,0.17681463595659638,0.2148881708552447,0.3855879853817397,0.3056482364816659,0.25435082044106583,0.36421137010013704,0.3616316150832949,0.15126676316205961,0.4760007541632949,0.25378614309853903,0.29617505588165,0.17627628851337648,0.7274310520891598,0.7033923407217023,0.7930188347148714,0.18576659956000002,0.2533098915391053,0.27008171064319597,0.08718272052927017
1351,0.4350585986734009,0.45648518324238313,0.29999375115009164,0.43461584113257146,0.42735939712315185,0.4983679264717812,0.228574890835816,0.37926100274029867,0.2191555295948826,0.0,0.6092240902660387,0.31111828512304757,0.7699666797886608,0.6594809184297143,0.4351410475957029,0.31982431469387856,0.4339895946678577,0.44204540057932473,0.496209943190438,0.43393836875082026,0.43609599469325555,0.5138464964411429,0.4358985036296815,0.5014579403611429,0.47012392965429356,0.6609106205922143,0.3318204761391649,0.48930148900054293,0.31918911556072876,0.21682632395505994,0.37850576804535335,0.6223852614110826,0.37288945867213186,0.7140126079897142,0.4830233505028302,0.34006695159271433,0.43342257943394863,0.4341545534727218,0.4692540950648985,0.485122868710521,0.44187037459511547,0.673911821692323,0.5138464964411429,0.43054572047177353,0.38921961312469877,0.3958228932917311,0.47338500489722535,0.5138464964411429,0.4340967134867125,0.5866293564125079,0.3052834524953617,0.5406789906503638,0.2871335042699601,0.47397269999478775,0.4569682685526922,0.48745355598400003,0.4236851939538311,0.36225323074231935,0.492674592719013,0.4122144553885938,0.5014579403611429,0.5138464964411429,0.44898458499329974,0.4651502771611429,0.47082334953614285,0.1927722735627725,0.7160631557017143,0.4352622768411428,0.6220487771641681,0.33315507801995425,0.4751608749703114,0.2741945818351429,0.4168880082985622,0.2466570341382857,0.2964037747593143,0.4287467055312021,0.43080369028324816,0.43089507746114286,0.3403499081300065,0.5138464964411429,0.4278795878308311,0.26554577118597805,0.22063294151666665,0.7140126079897142,0.5998684039236191,0.7375583322014932,0.25095143579314283,0.45530972898242283,0.4355253611411429,0.24847331940338946
1365,0.7573525393549788,0.7263283592773461,0.6902053889610321,0.7569097818141493,0.7214437775448571,0.7658979786118792,0.6588553722225962,0.32691684225771395,0.6149109390310528,0.6092240902660387,0.0,0.7112568451801591,0.19571167361875513,0.15190049493140811,0.7574349882772807,0.6000571186531302,0.7562835353494355,0.7586085547227207,0.7573050257710648,0.7562323094323982,0.7583899353748335,0.8024328629967064,0.7581924443112594,0.7689879925012411,0.759603229610392,0.13926010061561456,0.648818467673425,0.7568315411406411,0.7193276756178404,0.582060667553473,0.6467850790496646,0.31396291658605013,0.6674692345759978,0.5621409956921719,0.7505534026429284,0.5129482592991782,0.7557165201155265,0.7564484941542997,0.7449108430364311,0.5299857600784826,0.7464616801484741,0.12002138353802017,0.8024328629967064,0.7528396611533513,0.6177380439866953,0.6543576623762808,0.7597187523873256,0.8024328629967064,0.7563906541682903,0.5671479472427646,0.5874020994015129,0.47165344264761355,0.5141960942058527,0.7597395713395431,0.759137193597838,0.7602171272998636,0.7459791346354089,0.6118473731931364,0.4070326164965433,0.6988447866134034,0.7689879925012411,0.8024328629967064,0.7193643417407599,0.7594270392116096,0.7596280063852207,0.6020369474765186,0.5929551407858235,0.7575562175227207,0.6574343494389133,0.5619650715167602,0.7577900459044735,0.5732845737912602,0.6950372089871972,0.6162790779983103,0.5460846078656731,0.7420884116205905,0.753097630964826,0.7531890181427207,0.6005264999303508,0.8024328629967064,0.7415237342780637,0.6820224966698439,0.5452444229115115,0.5621409956921719,0.6250059085396977,0.7494799605834119,0.6484916122907399,0.7271727481280007,0.7578193018227207,0.6238687828169818
1368,0.28197665683010753,0.24815071996113694,0.3638072347355725,0.2944751934247619,0.23485045602809596,0.27722403102884163,0.10380970456079096,0.551417538637684,0.15364476856483245,0.31111828512304757,0.7112568451801591,0.0,0.8438629795100577,0.7826719498933332,0.27964921849749336,0.1745488335002164,0.31215341148929,0.2752288196,0.2734820950671807,0.3135994602623656,0.2750102002521127,0.5138772153333333,0.27481270918853873,0.277333494,0.27622349448767125,0.7801617363108333,0.2193280864496704,0.2673833954566,0.06631887900000001,0.16067566873075267,0.22107126568421057,0.6785652893146359,0.314086923576923,0.7584075235333333,0.26240877809982976,0.4973902317276666,0.32815959997218225,0.3074968139859649,0.2645676253754299,0.5190721157990588,0.272274689670137,0.7950951463524638,0.5138772153333333,0.409370022609009,0.3416201093181521,0.2122296017089412,0.27633901726460486,0.5138772153333333,0.3091295703257384,0.683543180692921,0.22011520350444444,0.6222330172693784,0.3024789859664515,0.2763598362168225,0.2757574584751174,0.27683739217714287,0.32511455504645165,0.176643326936328,0.5585586530047272,0.277820092303268,0.277333494,0.5138772153333333,0.25177449741898045,0.2760473040888889,0.2762482712625,0.23405464765140738,0.8850673830533333,0.2762270562060606,0.6969017855694117,0.5651979572915733,0.2759183340604944,0.2814980321153333,0.22586076013143694,0.4057808239313333,0.4421373128949333,0.27062116807846154,0.40208783127017544,0.39950807625333334,0.20271645018492424,0.5138772153333333,0.2707004091997506,0.21499333512461533,0.25948577538523804,0.7584075235333333,0.6818787925133334,0.7370232019341509,0.30979369825333336,0.26795154593072,0.2744395667,0.16423347747738812
1380,0.9065943133936867,0.8765106391858482,0.8053678692306003,0.9061515558528572,0.8653798834582644,0.9098455401902703,0.8140635000255567,0.5115210886867316,0.7874607776739383,0.7699666797886608,0.19571167361875513,0.8438629795100577,0.0,0.16535913317597403,0.9066767623159886,0.7571367525116358,0.9055253093881435,0.9078503287614286,0.8982720364312524,0.905474083471106,0.9076317094135413,0.907167467415974,0.9074342183499673,0.9099550031614285,0.9088450036490998,0.18341346601413783,0.8089415708179366,0.9000049046180285,0.8519338099477388,0.7247468608105783,0.8217775504862557,0.33749139723023086,0.8083501322844168,0.5259770087415152,0.8934720743532706,0.6735519144979337,0.9049582941542343,0.9056902681930075,0.8941526170751389,0.6771865108330715,0.895703454187182,0.1283961362810421,0.907167467415974,0.9020814351920592,0.7678747792470988,0.7967168702057945,0.9089605264260334,0.907167467415974,0.9056324282069983,0.5462065955898346,0.7318545587790286,0.5144061585681365,0.6782920575238417,0.9089813453782509,0.9083789676365459,0.9094589013385714,0.8952209086741167,0.7486616240609787,0.520822106457238,0.8454944123966887,0.9099550031614285,0.907167467415974,0.8686061157794678,0.9086688132503176,0.9088697804239285,0.761030975114785,0.566510292672482,0.9067979915614286,0.6391845062518997,0.6952820280711549,0.9070318199431814,0.7317132978863147,0.8388652592401754,0.732514497901492,0.7151880737185842,0.8913301856592983,0.9023394050035338,0.9024307921814285,0.7414073976387698,0.907167467415974,0.8907655083167716,0.8229033943782628,0.6919479359650504,0.5259770087415152,0.606756065352684,0.7225973864924529,0.8175950781436507,0.8822639345943708,0.9070610758614286,0.7841084975539603
1386,0.750023353672258,0.7992719816188114,0.6860939344171083,0.7495805961314286,0.7822727238585607,0.8133326814706383,0.7238783214883051,0.4330984974227923,0.7135312032603626,0.6594809184297143,0.15190049493140811,0.7826719498933332,0.16535913317597403,0.0,0.75010580259456,0.7119206658524884,0.7489543496667147,0.7570101555781819,0.8047397286298238,0.7489031237496774,0.7510607496921127,0.74180833424,0.7508632586285386,0.81642269536,0.7850886846531506,0.03941520971250001,0.7291531831942858,0.8042662439994,0.7907427803310146,0.6796997297509676,0.7334633891494737,0.40776752376199243,0.7168520584753846,0.5692402703599999,0.8117346992448142,0.6304116847126666,0.7483873344328057,0.7491193084715789,0.7949479444214027,0.6200856505708235,0.7642907356082191,0.10134072624,0.74180833424,0.7455104754706307,0.7116584385281522,0.7401455637748234,0.7883497598960825,0.74180833424,0.7490614684855695,0.6323146199097336,0.6858508302890058,0.5643484809384369,0.5522223836473119,0.7889374549936449,0.7719330235515492,0.8024183109828571,0.7445021988348387,0.6752283421373263,0.40946016989927275,0.7455732680802614,0.81642269536,0.74180833424,0.7934345080009412,0.78011503216,0.785788104535,0.675817945806963,0.6328702738800001,0.75022703184,0.7226010221058824,0.56816618775824,0.7913486844389213,0.6543248886420001,0.7878284447917301,0.613240563088,0.6017790717376,0.7533728671402368,0.7457684452821053,0.74585983246,0.6531867387320455,0.74180833424,0.7530279876350104,0.7035228399123077,0.6502651396166668,0.5692402703599999,0.6901725812066667,0.8085541118224528,0.6747680386,0.78986781658672,0.75049011614,0.728889499522137
1431,0.002327438332614188,0.10419467481211866,0.3963709941373945,0.014825974927268578,0.09945660298146138,0.0894509580747983,0.2585676142404922,0.6675619232238457,0.269697397097756,0.4351410475957029,0.7574349882772807,0.27964921849749336,0.9066767623159886,0.75010580259456,0.0,0.23526024755711208,0.032504192991796674,0.03312843218234183,0.10091354523398377,0.033950241764872255,0.026957059212047333,0.23422799683584,0.021382113428916445,0.09254097196416,0.061206961257310684,0.7515355047570601,0.22566353825998414,0.10317786204356,0.2349059421525658,0.3679421037390761,0.21064110575363365,0.9138960274109584,0.5578351325391754,0.78888002815456,0.10160922892946958,0.5811464625905599,0.04851038147468892,0.02784759548847158,0.08664909840112832,0.7745865889771482,0.053491647006899755,0.8118635962084729,0.23422799683584,0.12972080411151568,0.6053973213987991,0.18580774743780704,0.06446803650024246,0.23422799683584,0.029480351828245058,0.9426949981567821,0.48679751491397516,0.8962882704239383,0.27500255776617283,0.06505573159780487,0.048051300155709305,0.07853658758701715,0.0543709410650873,0.20462485645271614,0.7695752542392873,0.15508050352188024,0.09254097196416,0.23422799683584,0.10826376554627765,0.056233308764159995,0.061906381139160006,0.3151313510681897,0.9155398876745601,0.0034221622914327363,0.9709570387239718,0.55567786335408,0.069613101132969,0.31197053673656,0.14094681553078758,0.5753494241838399,0.4389892031588266,0.04720208753137893,0.12243861277268211,0.11985885775584,0.18482781984478733,0.23422799683584,0.04701589222253836,0.4308590634299446,0.42811140658265523,0.78888002815456,0.9559340456678933,1.011078455088711,0.19578872375583997,0.10036725743088001,0.010848729764160004,0.2422756171125984
1441,0.23758768588972626,0.1924004401715577,0.3186631154607111,0.25008622248438067,0.18140139696394728,0.2262808303652249,0.16532923072936895,0.5024108321085069,0.1157451488213185,0.31982431469387856,0.6000571186531302,0.1745488335002164,0.7571367525116358,0.7119206658524884,0.23526024755711208,0.0,0.2677644405489088,0.2242856189363833,0.21842592744321146,0.2692104893219844,0.224066999588496,0.46948824439295206,0.22386950852492196,0.2263902933363833,0.2252802938240545,0.6964221042979328,0.09740738688874843,0.2164401947929833,0.16002158162733596,0.17792767113198388,0.11468190906387048,0.7147738054804946,0.48863575707713947,0.7209326874059351,0.20990736452822545,0.3954062243777002,0.283770629031801,0.26310784304558366,0.21058790725009374,0.6032945383063166,0.2121387443621367,0.6770169719603144,0.46948824439295206,0.36498105166862777,0.4792855296044556,0.09142816682612634,0.2253958166009881,0.46948824439295206,0.26474059938535716,0.7330529323799038,0.3313460961704343,0.6996345526191156,0.18947810454279834,0.2254166355532057,0.22481425781150066,0.22589419151352616,0.2735097737938123,0.11232553198684046,0.6610144532331539,0.23141754729531488,0.2263902933363833,0.46948824439295206,0.1850414059544225,0.22510410342527218,0.2253050705988833,0.18345631493989287,0.7778732995327976,0.23183808526567934,0.7926016539021474,0.46892937806704993,0.22346711011813614,0.14301726763974346,0.14804022858929983,0.4862567704807357,0.3349432293743975,0.20776547583425312,0.3576988603297942,0.3551191053129521,0.121783810900986,0.46948824439295206,0.20720079849172635,0.38954216862483176,0.21846934080577685,0.7209326874059351,0.7775786608460691,0.8459788187604051,0.18655576214547143,0.1928498123416633,0.22441151779295207,0.07148631489939009
1457,0.030176754659182486,0.13669886780391532,0.3638668011455979,0.017678218064528097,0.13196079597325805,0.12195515106659496,0.257416161312647,0.6664104702960004,0.2742769503192516,0.4339895946678577,0.7562835353494355,0.31215341148929,0.9055253093881435,0.7489543496667147,0.032504192991796674,0.2677644405489088,0.0,0.06563262517413851,0.13341773822578043,0.0014460487730755766,0.05946125220384401,0.20172380384404331,0.053886306420713126,0.1250451649559567,0.09371115424910736,0.7503840518292149,0.25816773125178083,0.13568205503535666,0.26741013514436246,0.3667906508112309,0.24314529874543034,0.9127445744831132,0.5566836796113301,0.7877285752267148,0.13411342192126624,0.5799950096627148,0.016006188482892238,0.004656597503325096,0.11915329139292499,0.773435136049303,0.08599583999869644,0.8107121432806277,0.20172380384404331,0.097216611119719,0.604245868470954,0.21831194042960372,0.09697222949203915,0.20172380384404331,0.0030238411635516178,0.941543545228937,0.48564606198613003,0.895136817496093,0.27385110483832764,0.09755992458960154,0.08055549314750599,0.11104078057881384,0.021866748073290625,0.23712904944451282,0.768423801311442,0.15392905059403506,0.1250451649559567,0.20172380384404331,0.1407679585380743,0.08873750175595668,0.09441057413095669,0.31397989814034444,0.9143884347467148,0.03592635528322942,0.9698055857961266,0.5240157028969548,0.10211729412476568,0.32187330523795665,0.1734510085225843,0.5428452311920433,0.4378377502309814,0.07970628052317562,0.08993441978088543,0.08735466476404333,0.20549610082800215,0.20172380384404331,0.07952008521433504,0.42970761050209944,0.42695995365481004,0.7877285752267148,0.9547825927400481,1.009927002160866,0.18303815887471478,0.1328714504226767,0.043352922755956674,0.27477981010439506
1466,0.03545587051495602,0.07106624262977683,0.4294994263197365,0.04795440710961041,0.06632817079911954,0.05632252589245647,0.2597411806859322,0.6687354896692856,0.270870963543196,0.44204540057932473,0.7586085547227207,0.2752288196,0.9078503287614286,0.7570101555781819,0.03312843218234183,0.2242856189363833,0.06563262517413851,0.0,0.06778511305164195,0.06707867394721409,0.006171372970294495,0.2673564290181818,0.011746318753425381,0.05941253978181817,0.028078529074968852,0.7544999419956818,0.20909743297274724,0.07112598110940002,0.2089099406,0.3691156701845161,0.18722591791578946,0.9150695938563985,0.5590086989846155,0.7900535946000001,0.06848079674712776,0.5823200290359999,0.08163881365703074,0.06097602767081341,0.053520666218786477,0.7757601554225882,0.020363214824557933,0.813037162653913,0.2673564290181818,0.1628492362938575,0.6065708878442392,0.17077261354423529,0.03133960431790064,0.2673564290181818,0.0626087840105869,0.9438685646022221,0.48797108135941525,0.8974618368693783,0.28326258068355814,0.03192729941546303,0.014922867973367476,0.04540815540467533,0.08749937324742915,0.2004457015324064,0.776479607222909,0.15625406996732027,0.05941253978181817,0.2673564290181818,0.0751353333639358,0.023104876581818166,0.028777948956818174,0.31630491751362966,0.91671345412,0.029706269890909093,0.9721306051694117,0.5888062955364218,0.036484668950627165,0.313144103182,0.10781838334844576,0.6084778563661819,0.44016276960426665,0.018623745155384622,0.15556704495502394,0.15298728993818184,0.18600138629022733,0.2673564290181818,0.01708482044465695,0.4329142893427972,0.4292849730280952,0.7900535946000001,0.9571076121133333,1.012252021534151,0.22891715593818182,0.0672388252485382,0.022279702418181828,0.24310805796487675
1488,0.10324098356659796,0.04034968448310933,0.48366396893084973,0.11573952016125234,0.06891629297083879,0.0201871518140839,0.29933592701353245,0.700667678697162,0.2942101057471205,0.496209943190438,0.7573050257710648,0.2734820950671807,0.8982720364312524,0.8047397286298238,0.10091354523398377,0.21842592744321146,0.13341773822578043,0.06778511305164195,0.0,0.134863786998856,0.07395648602193644,0.3351415420698238,0.07953143180506733,0.020296614785242296,0.0397065839766731,0.8022295150473238,0.2059541102020424,0.07068307081008017,0.20716321606718063,0.36325597869134435,0.1840825951450846,0.9054913015262223,0.5875690186441036,0.7877779735914097,0.021229621905192442,0.579176706265295,0.14942392670867266,0.12876114072245534,0.029621131953155237,0.7847226430688825,0.05709828776495627,0.8171629250889542,0.3351415420698238,0.23063434934549942,0.6099433591909256,0.1562992739959974,0.036445508733741305,0.3351415420698238,0.13039389706222881,0.9380088731090505,0.4883887320518012,0.8905065458167352,0.33361515501273314,0.03585781363617892,0.052862245078274465,0.022376957646966626,0.14501532135283451,0.20772266372629433,0.8268321815520843,0.17102351620691458,0.020296614785242296,0.3351415420698238,0.04813610188749122,0.04468023646982378,0.03900716409482377,0.35051783291773964,0.9135701313492951,0.09749138294255102,0.968987282398707,0.6429708381475352,0.0325234985707676,0.3072844116888282,0.08541565473492566,0.6626423989772953,0.47064006119089513,0.06894527246151942,0.22335215800666589,0.22077240298982376,0.2158222514100511,0.3351415420698238,0.07044722574161218,0.488475430191796,0.4234252815349234,0.7877779735914097,0.9539642893426283,1.006392330040979,0.2830816985492951,0.04090021420801516,0.09006481546982376,0.24773662378704858
1493,0.03162280343225807,0.1381449165769909,0.36242075237252236,0.019124266837603675,0.13340684474633363,0.12340119983967054,0.2573649353956096,0.6663592443789631,0.2757229990923271,0.43393836875082026,0.7562323094323982,0.3135994602623656,0.905474083471106,0.7489031237496774,0.033950241764872255,0.2692104893219844,0.0014460487730755766,0.06707867394721409,0.134863786998856,0.0,0.060907300976919584,0.20027775507096773,0.0553323551937887,0.12649121372903227,0.09515720302218295,0.7503328259121774,0.2596137800248564,0.13712810380843224,0.26885618391743804,0.3667394248941935,0.24459134751850592,0.9126933485660759,0.5566324536942928,0.7876773493096775,0.13555947069434182,0.5799437837456773,0.01456013970981666,0.006102646276400673,0.12059934016600056,0.7733839101322657,0.08744188877177202,0.8106609173635904,0.20027775507096773,0.09577056234664343,0.6041946425539166,0.2197579892026793,0.09841827826511472,0.20027775507096773,0.004469889936627194,0.9414923193118996,0.4855948360690926,0.8950855915790557,0.27379987892129026,0.09900597336267711,0.08200154192058157,0.1124868293518894,0.02042069930021505,0.23857509821758838,0.7683725753944046,0.15387782467699768,0.12649121372903227,0.20027775507096773,0.1422140073111499,0.09018355052903225,0.09585662290403227,0.31392867222330706,0.9143372088296774,0.037372404056304986,0.9697543598790892,0.5239644769799174,0.10356334289784125,0.3233193540110323,0.17489705729565985,0.5413991824189678,0.43778652431394405,0.08115232929625117,0.08848837100780986,0.08590861599096775,0.20694214960107774,0.20027775507096773,0.08096613398741061,0.42965638458506206,0.42690872773777266,0.7876773493096775,0.9547313668230106,1.0098757762438284,0.1829869329576774,0.13431749919575228,0.044798971529032255,0.27622585887747064
1496,0.029284497544661524,0.07723761560007132,0.4233280533494419,0.04178303413931591,0.07249954376941405,0.06249389886275097,0.25952256133804485,0.6685168703213983,0.2706523441953087,0.43609599469325555,0.7583899353748335,0.2750102002521127,0.9076317094135413,0.7510607496921127,0.026957059212047333,0.224066999588496,0.05946125220384401,0.006171372970294495,0.07395648602193644,0.060907300976919584,0.0,0.26118505604788733,0.005574945783130886,0.06558391275211267,0.03424990204526335,0.7524904518546127,0.2088788136248599,0.07622080283151267,0.2086913212521127,0.36889705083662877,0.18700729856790216,0.9148509745085112,0.558790079636728,0.7898349752521128,0.07465216971742225,0.5821014096881126,0.07546744068673625,0.054804654700518915,0.05969203918908097,0.7755415360747009,0.02653458779485243,0.8128185433060257,0.26118505604788733,0.156677863323563,0.6063522684963518,0.17055399419634798,0.03751097728819514,0.26118505604788733,0.056437411040292394,0.9436499452543349,0.4877524620115279,0.8972432175214908,0.2770912077132636,0.03809867238575753,0.021094240943661975,0.05157952837496982,0.08132800027713463,0.20022708218451907,0.77053020133684,0.15603545061943297,0.06558391275211267,0.26118505604788733,0.08130670633423029,0.029276249552112662,0.03494932192711267,0.31608629816574235,0.9164948347721127,0.023534896920614598,0.9719119858215245,0.5826349225661274,0.04265604192092166,0.31292548383411267,0.11398975631874025,0.6023064833958873,0.4399441502563793,0.0202450283193316,0.14939567198472944,0.14681591696788734,0.18578276694234,0.26118505604788733,0.02005883301049102,0.43181401052749735,0.42906635368020796,0.7898349752521128,0.9568889927654459,1.0120334021862636,0.2227457829678873,0.0734101982188327,0.01610832944788733,0.24288943861698944
1512,0.23190055850322583,0.33842267164795864,0.2404652853294241,0.21940202190857144,0.33368459981730136,0.3236789549106383,0.4552840821316949,0.7108949739147401,0.4760007541632949,0.5138464964411429,0.8024328629967064,0.5138772153333333,0.907167467415974,0.74180833424,0.23422799683584,0.46948824439295206,0.20172380384404331,0.2673564290181818,0.3351415420698238,0.20027775507096773,0.26118505604788733,0.0,0.25561011026475644,0.3267689688,0.2954349580931507,0.7432380364025001,0.45989153509582414,0.3374058588794,0.46913393898840583,0.5670171799651613,0.44486910258947365,0.9055985590563984,0.6731636042230769,0.7805825598,0.33583722576530955,0.6715328586526667,0.1857176153611511,0.2063804013473684,0.3208770952369683,0.7981333256108235,0.2877196438427398,0.8329874042017391,0.0,0.10450719272432432,0.7239791072942392,0.4200357442736471,0.29869603333608247,0.0,0.20474764500759496,0.9343975298022221,0.640747202091579,0.9006111186555239,0.4304202561858064,0.2992837284336448,0.2822792969915493,0.31276458442285715,0.19597847059913978,0.4388528532885561,0.7612777858847273,0.34580931634379086,0.3267689688,0.0,0.34249176238211765,0.2904613056,0.29613437797500003,0.4922968913951111,0.90724241932,0.23765015912727272,0.9626595703694117,0.51686968747024,0.3038410979688089,0.523597109082,0.3751748123666276,0.506597888638,0.5705408683776,0.2814300843672189,0.11178938406315789,0.11436913907999999,0.4072199046720454,0.0,0.2812438890583784,0.5578994662753847,0.6018755982947619,0.7805825598,0.9476365773133333,1.0027809867341508,0.338297588888,0.33459525426672004,0.24507672660000002,0.4765036139484384
