,1035,1072,1133,1163,1167,1244,1314,1343,1347,1351,1365,1368,1380,1386,1431,1441,1457,1466,1488,1493,1496,1512,1552,1560,1574,1585,1607,1608,1630,1639,1650,1655,1661,1667,1730,1758,1774,1799,1806,1818,1822,1825,1864,1871,1876,1913,1972,1973,2024,2028,2074,2088,2104,2108,2118,2137,3003,3011,3012,3021,3022,3024,3031,3036,3040,3046,3048,3049,3052,3053,3059,3060,3063,3068,3073,3080,3086,3087,3090,3128,3162,3173,3191,3201,3213,3217,3222,8223,8288,8876
1035,0.0,0.34514569472327883,0.6562513296823846,0.3124585242669222,0.23922033720537939,0.43781428364718955,0.45413469079784846,0.5854476016362511,0.3563770761349402,0.4724982018458788,0.33714650554577263,0.29442668030693586,0.6006036218392624,0.20993966212857731,0.33629510562483705,0.32311599856840645,0.2779301960820696,0.2930152605571034,0.3543257202515584,0.3505187030251975,0.21795853380180985,0.8196012528420791,0.3323558592343038,0.6609322234829653,0.6527152440069846,0.672463178790905,0.20069783505652133,0.5888278030023948,0.24063224022845048,0.5145622217424022,0.6561355409381189,0.5104110813358722,0.18753418308618006,0.33618733247077737,0.42596707062654393,0.3126801668061101,0.49920042453970825,0.2651290699714134,0.3021649860008543,0.3825699000543561,0.32808596248319155,0.23976401206797254,0.23245946020844074,0.7004665189801864,0.4712486607524876,0.6444138994253765,0.301952758631166,0.30590069576981,0.2708005564597311,0.4935090606459685,0.33977465949661245,0.5056209835386356,0.4164011841359289,0.4736503111907303,0.2447418785745321,0.6914032542791715,0.28049289319975135,0.42165304866076597,0.44536885726032277,0.6133662285576276,0.5595519239068024,0.7422610084555741,0.3862767437882288,0.22511849100474807,0.22784731096843164,0.40643827914601055,0.6399280522529147,0.17638245994911567,0.502733861193468,0.43267438234545474,0.7273484007623459,0.3492316588668631,0.29807488447700536,0.12433716530058916,0.6303950903135612,0.4038728471012968,0.2967815367511993,0.32814316637787216,0.42349673727035936,0.6223199405600841,0.25718010378597517,0.4438582350136147,0.2568228037774206,0.680483485411314,0.6655590960662566,0.6662623212978169,0.37528370940273204,0.5894117839976467,0.2719551919355883,0.5293923071448536
1072,0.34514569472327883,0.0,0.5609962872204532,0.3381655688385611,0.3135342248112455,0.21304852320794898,0.44402233729944773,0.3619197905941039,0.43895790747091223,0.5701904425849678,0.4212447918501745,0.34972330519769357,0.5932262902798585,0.40460306620277986,0.5000629021891663,0.29348616435614755,0.4624385582033489,0.47772374575966675,0.16677198982591054,0.5220784616402682,0.40951835967618777,0.7563838335856705,0.4600533333017379,0.5180061383451338,0.6360072588645127,0.6747762823829313,0.2620956673307897,0.5631897595899457,0.2932286855946933,0.4849422477090179,0.5421530072613648,0.3971678097986988,0.3389338533039374,0.47717792464582176,0.24598920258332227,0.353659255830251,0.5828071648125421,0.4400877069227161,0.17741948952142414,0.38739418047963814,0.17575394294469693,0.4262230938893612,0.3051868881181614,0.714411217729017,0.43289972987158715,0.5101076938085845,0.4962223137067672,0.4391649089575842,0.38920540578873897,0.36162155738961826,0.22026145901822242,0.37770743617203484,0.46651791868843356,0.5253610811460795,0.4437360841619049,0.4105527592851368,0.17089762681092352,0.3482422102550873,0.3932892907396619,0.5874858518449435,0.5437029018763387,0.7610949518632285,0.36931178300731093,0.3838832839698996,0.29601211683158785,0.5337654471122653,0.6933732006639617,0.3159796543639444,0.46588335144366666,0.463675977630311,0.5289496162147643,0.3942201227248351,0.30460321362398024,0.3609821073970473,0.662630373678926,0.5370653284966018,0.263058184999971,0.3978592659798343,0.3854100253231151,0.4954511417459606,0.41573630830313624,0.19366908063561666,0.2440780934079581,0.6677404957156441,0.6025307243812599,0.5399002063273176,0.21558086735302356,0.3066452494791171,0.364093183891219,0.29920802805868685
1133,0.6562513296823846,0.5609962872204532,0.0,0.6149396172658179,0.5806278635638866,0.5721569982848905,0.6213872220197746,0.4604030302589011,0.558850563246182,0.5882660397062149,0.5325028577445452,0.6601225374054838,0.5596400821967791,0.6796168085288752,0.46583184222738216,0.5358992333055717,0.6449651539849945,0.681694289269922,0.5835527413441137,0.6592192785954076,0.5953596939909835,0.5928512955598619,0.5660154873919087,0.7589990222007816,0.6592334878074468,0.6392404678657753,0.545787289154666,0.565911756565551,0.5952405896239095,0.6520779356112367,0.6996822063313954,0.5491098100450069,0.6197038814995007,0.7101251801609245,0.5983683059258001,0.517830798445315,0.6836342930142892,0.6747419595845998,0.5497786470356576,0.4349918551823263,0.5725561428382524,0.6467054830782399,0.6629871792602788,0.6954914993443672,0.5664247384442513,0.6621254406572449,0.6982097672873611,0.7058452042078016,0.6304404253076374,0.4678922107528854,0.5348118926188296,0.4924206894678536,0.6196813217402328,0.7085850193060144,0.6688980447637959,0.6871193620591738,0.5319007773949098,0.6075452173886653,0.5456313073894862,0.6486080662915008,0.7110056311165001,0.8041384292246893,0.6060231381919374,0.6823658971512426,0.669668863233124,0.6711086952358865,0.7073480487924755,0.6092597489715355,0.6513655376082013,0.4873134852539931,0.7230536795344297,0.6231241646145542,0.5804649218327937,0.6531046312754757,0.5769245753538705,0.6695143785881521,0.6111008236816589,0.6695538818520492,0.6195132709974774,0.6936800560832743,0.611614887106103,0.5049333909633525,0.5073592132134497,0.8180771643287487,0.6517732392856721,0.680007416523864,0.6074515162246341,0.5650049674770331,0.6532943788242386,0.5301386794723298
1163,0.3124585242669222,0.3381655688385611,0.6149396172658179,0.0,0.24964379634867506,0.40177427373908997,0.6269218568994852,0.5453146230206225,0.46080786240423643,0.7011139382470463,0.3953217441059047,0.44927478240034036,0.5557394449831565,0.1987737464030138,0.459515077624548,0.24268862322406193,0.258490251450006,0.14566349275362994,0.4094744519613448,0.37960180485587325,0.26884074466227664,0.8956839330131001,0.17526160734608676,0.7973288619290634,0.8161832768008669,0.7768916598154968,0.35244878324755236,0.6944685676740234,0.33924654198470255,0.6975106473722018,0.770888531569929,0.614284696912011,0.22837672194396091,0.3757374770816801,0.4119322397809373,0.3932559115136067,0.74426400007199,0.13698553444519812,0.21769520897750613,0.5232274573968289,0.41122288285380604,0.25148107700340305,0.2393379825032162,0.892911457944078,0.5873945051671046,0.7554262618859762,0.23164458630149146,0.4845816594249904,0.3575790110411781,0.4097532129143223,0.2597662343127716,0.566172306518365,0.578960256088247,0.681900415311704,0.23133027152852242,0.685261416650555,0.29733249391084215,0.537087882844274,0.5617573414631549,0.7700444929881126,0.7212096484561492,0.8838219175199442,0.500285989690691,0.16014975828465355,0.39636461187871297,0.4437441340097153,0.802529022085416,0.23688792258823235,0.6733088527482699,0.3364964351864389,0.7718790554645782,0.5417790782643984,0.5273387293439833,0.28548353314292985,0.8051632160720212,0.46426738512163357,0.4578333812845031,0.12022692878062538,0.5581780853881307,0.6947150615839989,0.18447825648805266,0.41452123947998315,0.31765964687917236,0.8763268935410095,0.7473454873257108,0.7374029473021569,0.4557439071900625,0.5648986090960981,0.11114974665419024,0.49035300976594975
1167,0.23922033720537939,0.3135342248112455,0.5806278635638866,0.24964379634867506,0.0,0.3809197114258644,0.605169097909051,0.48879096262706334,0.26797777039004067,0.6115196368093025,0.21840320110981892,0.4439441447269249,0.5603775407191439,0.3625082066345753,0.31292590438161627,0.24880185663045762,0.1622147076815863,0.2614190122707205,0.36829387878263625,0.22352091648291056,0.17877082354701207,0.8580774740258286,0.31189978036451305,0.7735221490060269,0.7711892216779288,0.7609721170686524,0.2752173304297151,0.6800632559182264,0.35113023076768585,0.6600131054838503,0.7482105752265226,0.5897673584693928,0.21067475827867277,0.21813716562905794,0.40251471352041385,0.390516485327962,0.6650448414594383,0.30481203736909535,0.23167413229028821,0.49675237662728994,0.3694655001837965,0.14984400468088438,0.33369694231776903,0.8278942420296045,0.5705734383082226,0.727379469091948,0.2051748899529126,0.5020991517896309,0.3746426095205573,0.40657047794961054,0.24259060488080025,0.5246846539949273,0.5654437749732666,0.6730540943463983,0.15782128073713214,0.6622291139926109,0.22491490265486236,0.5121362105389872,0.5229655472759314,0.7332996508445696,0.703547776003322,0.8472941561126603,0.47933925894740637,0.3120216624099375,0.2150228706542462,0.3119096313652465,0.8065435927317044,0.3095413841584405,0.6339106081778665,0.3685487763260488,0.7287721446605122,0.37173786014494103,0.39101147468655384,0.16503699503835373,0.7761170009266287,0.30686876347481196,0.4164586633287283,0.3159731902291286,0.5536187096247083,0.6584367582761608,0.3084453772749996,0.3857820314953082,0.28480852751146846,0.868530589242507,0.7319762557319662,0.7202160805558806,0.4309376512217514,0.4969935697568613,0.3148038241108577,0.42005952270802804
1244,0.43781428364718955,0.21304852320794898,0.5721569982848905,0.40177427373908997,0.3809197114258644,0.0,0.5674299042993189,0.4868992992083282,0.45572472815250537,0.5960063648640437,0.4352924389034588,0.4410622555088042,0.5973752099760428,0.4776304441177039,0.5323530219428513,0.3483357069499875,0.5374484360271956,0.5195394216119411,0.24208766363643863,0.5561190267746569,0.4546434729920717,0.8663569289886303,0.5062997311337635,0.6149978262630752,0.7508949980698232,0.6969028563588848,0.35778997856314765,0.6054267458459563,0.4237831326096137,0.6056282421778548,0.46816343251176784,0.4044853157753965,0.45174804641178967,0.5355211985327566,0.3879994864951923,0.39250263523248596,0.6700322616031296,0.49272093234022807,0.3146124430995123,0.44394928555394814,0.33658092312441856,0.4673346841760394,0.4742570672233949,0.828295273078747,0.4981668544909024,0.634787400327746,0.5394718623131893,0.5216373884539395,0.48417368206901656,0.35535638385455814,0.2740003135253595,0.4367093712606884,0.5181348324593893,0.6383793373429955,0.4922190622536121,0.4638456516492961,0.2849935510518117,0.49784709652409603,0.4993164307212911,0.7028493643908155,0.6331398749025663,0.795783209627985,0.42502429415542947,0.4637496356665484,0.4559103794853069,0.5349459204108632,0.7191622055367479,0.42038052750685656,0.5848184970188095,0.46858057672453485,0.6578830908316278,0.4522511036960033,0.43138853402902494,0.4540373452017174,0.6958770914589698,0.554589864905807,0.41299173825516283,0.45596817764716957,0.5090674191509104,0.3481354845264927,0.4769661037405458,0.3183050637722178,0.34316855622479747,0.794251281606366,0.6245901866129036,0.6454782127656882,0.23783795177510308,0.23115400557406673,0.4365087431400255,0.15579187016679502
1314,0.45413469079784846,0.44402233729944773,0.6213872220197746,0.6269218568994852,0.605169097909051,0.5674299042993189,0.0,0.5278966360013391,0.5976112816895567,0.266405271097216,0.5927056870844496,0.27581247063459785,0.6798573001055208,0.5039293430699288,0.6244303487503564,0.588499826361224,0.673493840823876,0.7176699002168021,0.3982512781653609,0.7271322419684538,0.5693872341249623,0.6872803787983764,0.6636708229738979,0.4083786796335611,0.6305174572529888,0.6593767204653712,0.4337562632965566,0.5703491844843092,0.39883737540166697,0.2486750876909104,0.4708771330733918,0.4618726535856398,0.5534656597546772,0.6962677992896724,0.4907257184548616,0.4899939374456417,0.2207336275070358,0.6452551595070452,0.4992174907095121,0.3272259193756047,0.3887240300075666,0.6627659797898862,0.4706732007099983,0.46072435811375867,0.3416870024275164,0.41029902721782335,0.7322375185266123,0.26936382074619836,0.43699141300175576,0.6192873319988529,0.5861319487113862,0.4793645121262608,0.28540390928538706,0.2997820085345995,0.6661190075487624,0.6109398340697638,0.4876022096678672,0.3080118679151333,0.2551688723843146,0.48753845253686573,0.20867041982390078,0.5361169593562218,0.29487495388025553,0.5632495994204252,0.5004205774793351,0.678310243071375,0.35253845825280444,0.4583771301924123,0.2102048881382585,0.6369180889511994,0.613522624854214,0.492368038872044,0.3404473340903583,0.5262451352059998,0.5609748458732838,0.6389704049162244,0.3534975255618848,0.6483053516477814,0.3009497171368224,0.651634549092408,0.5841480547710939,0.4961161456992168,0.46696847027819116,0.3356763872751049,0.4298779584585956,0.39983235757014035,0.38803524580803944,0.5768482014253318,0.5854147741654612,0.6001178448710036
1343,0.5854476016362511,0.3619197905941039,0.4604030302589011,0.5453146230206225,0.48879096262706334,0.4868992992083282,0.5278966360013391,0.0,0.5083395093598033,0.5581375562133506,0.45216150195601335,0.5949860840213286,0.4732606225174475,0.6388567025887977,0.6455822466939188,0.45724978929099735,0.600219033855388,0.640817401640921,0.43029114122163525,0.6486930421653064,0.5672799360430569,0.7033464121191872,0.6292817296355643,0.6015427145135506,0.648921846752762,0.6393966401898342,0.4592191621576901,0.6050301638599892,0.4693297849201607,0.5179163254440942,0.6513128514003905,0.39265010435447945,0.5207762057751872,0.6336032357895949,0.4658998966883722,0.4669054244443984,0.619880076961148,0.6317616009427303,0.3803336915268094,0.44880789824616096,0.3916504895326923,0.5957882682946327,0.527511740965956,0.714641336704964,0.46364442864285305,0.517849050862113,0.6606218475518332,0.6772042358899137,0.5727482795197435,0.40939785087144953,0.437045553217973,0.4074375544355477,0.5699961869123371,0.6145902219719108,0.62419123213607,0.5321596356519692,0.37201543263527187,0.45529898824924164,0.43489902568675515,0.5690390899523264,0.6018068966583168,0.77235989283094,0.5556857496528966,0.6087340412395484,0.5031161809371033,0.6265320979256692,0.7163018339189131,0.5197861249738259,0.5149405716987803,0.4563044794756572,0.5644731052040708,0.4896604547147163,0.42220774174537457,0.5727377031854014,0.649088546196442,0.6043394372013727,0.4713852823812994,0.600832011627295,0.5155446021499912,0.604809928138536,0.568498187538219,0.3448662797143261,0.421973522987655,0.6970743099731413,0.6396359033031839,0.5905791007744077,0.49099126067703597,0.39338864194315093,0.5984803438260065,0.4062578275871499
1347,0.3563770761349402,0.43895790747091223,0.558850563246182,0.46080786240423643,0.26797777039004067,0.45572472815250537,0.5976112816895567,0.5083395093598033,0.0,0.5576671616304532,0.2590349704581112,0.5170257545324077,0.5580240847568018,0.476887383817727,0.3978629664299953,0.45230243596470987,0.3293253007960162,0.4257862500672026,0.48395958431774105,0.2995595877031387,0.3756409771712206,0.8477779014203656,0.466721518931039,0.8021036859153166,0.7543331465802052,0.604958850820507,0.3627545543670726,0.7230929846616182,0.4913774275390147,0.6098302581076748,0.6615555885581461,0.613080681130342,0.3614816673616282,0.29431317480146335,0.5341658915017766,0.3528104437605863,0.6291745323066831,0.45963688583480045,0.4139131925153109,0.4541727496311086,0.49875835124939294,0.2742922011339807,0.44515237465102464,0.8100047488477506,0.5804902030313418,0.6474144585911862,0.32882772740988886,0.5823266430714296,0.5154468476443302,0.4634856831357974,0.45139427840800483,0.5010608639874339,0.5022099687317823,0.6415832944208618,0.27396780386512326,0.7016273500352486,0.3626026780035806,0.5603944481319367,0.5272419207518405,0.759234249750555,0.7323680724122716,0.724935933172099,0.43658146777601725,0.45715842060524237,0.2477398837989691,0.2509869462822383,0.6936881966628216,0.45122205977921737,0.6363841748985201,0.4248493334540332,0.7621878359813564,0.3326678125227952,0.3517517575249913,0.31296770891846926,0.689263023955234,0.2744119705998458,0.5141926133446422,0.4617966160773027,0.5712004161317944,0.6900415678445477,0.4468905126807062,0.38768457404673745,0.40338726654990276,0.7676829681018045,0.721929102346175,0.6378643228279881,0.5291898642261513,0.5182052743305401,0.45827004178145936,0.4709880064846276
1351,0.4724982018458788,0.5701904425849678,0.5882660397062149,0.7011139382470463,0.6115196368093025,0.5960063648640437,0.266405271097216,0.5581375562133506,0.5576671616304532,0.0,0.5688090800675897,0.3101567825464723,0.6459891815607048,0.5517659096724942,0.61493786875171,0.6364974400238563,0.6988358044407522,0.7187616989874077,0.49938275646787317,0.7198167517124597,0.5635517721975076,0.752900998667619,0.6935166944186418,0.5021367480974859,0.6473072524438973,0.572628454598392,0.4171586997201948,0.6022115422073233,0.48462599375063303,0.2509753539898577,0.4484818661294773,0.42239329200136955,0.5641154633149585,0.7329612891761148,0.6486302435336018,0.4550496440180998,0.23444612264226197,0.6640824401741958,0.6267017254873395,0.3638138807941251,0.5258757062287945,0.6566658359382989,0.5834097414868489,0.4625191822874124,0.40999196164570745,0.4452794080226286,0.7346236669408406,0.31989803947450013,0.5426023766097527,0.6234203389836243,0.6114210564072995,0.4287795551379681,0.2868170953179413,0.43272420221397545,0.6783297323059608,0.6982701580269657,0.5302995836315414,0.47179843767324947,0.29113017531851026,0.5228489646684662,0.30856123116005896,0.49043477624062537,0.31346248964677637,0.6150497758127926,0.5735960524905166,0.6804658676666692,0.3309686485249839,0.5445356449297529,0.25927364878988823,0.6040324794373544,0.7048497307093535,0.45736927918658404,0.3685999751548761,0.5290236476858754,0.4844782186491587,0.662524314705121,0.47523795627409815,0.7080146322717291,0.41493195725324855,0.6153127433797547,0.619581041156948,0.5692121666742656,0.49796894839151834,0.38944066928482,0.4118228692814663,0.4412888902085774,0.48332351670778184,0.5865427483253998,0.6440891607966892,0.5797647159223496
1365,0.33714650554577263,0.4212447918501745,0.5325028577445452,0.3953217441059047,0.21840320110981892,0.4352924389034588,0.5927056870844496,0.45216150195601335,0.2590349704581112,0.5688090800675897,0.0,0.5441057199421099,0.3977843744371508,0.4662452314047132,0.378647004897251,0.30603616854561194,0.29728525546273593,0.3777049678882724,0.4231973665895541,0.33905193171864895,0.310291587408591,0.8629936535270868,0.4465511401905622,0.776018618817153,0.743092758529675,0.6484543182342289,0.3113062288378697,0.6730128909418881,0.43452310541733363,0.6157243183140777,0.7741255658694581,0.5125323407264615,0.32648767933745526,0.30318720477430533,0.4732360370475381,0.4212984463435139,0.6666753366203442,0.42395558452917886,0.3636019241480844,0.45461353890255357,0.46555404901738456,0.2505459270289781,0.4683586508576616,0.8085795609024693,0.5265097813846276,0.7075521759818475,0.3243692804123977,0.5803141889920422,0.4805095892232546,0.3539399099845499,0.37440687132456696,0.4935676229202362,0.5544373817550816,0.6441495208038135,0.28394436217102575,0.6835712150195042,0.3628000353383712,0.5035726645044261,0.5000807439782745,0.7221257265491103,0.6967728958524209,0.8469749807099801,0.5051545317795116,0.4217244920184345,0.29179296995186244,0.30490452122777295,0.779537222615489,0.4127017937033418,0.6266772223462856,0.3098503622772483,0.752324894914977,0.3649254189794328,0.3671324223554192,0.31436138646875844,0.759440153280447,0.31320154989677534,0.4776628875306335,0.4411451832223709,0.5303365310448585,0.6727664894256666,0.4383454746735736,0.43698042898051603,0.31963001724134293,0.8488857237391088,0.7280767155126302,0.73843997600918,0.4980226309059095,0.5174669878868828,0.44518433841816346,0.41823703129014844
1368,0.29442668030693586,0.34972330519769357,0.6601225374054838,0.44927478240034036,0.4439441447269249,0.4410622555088042,0.27581247063459785,0.5949860840213286,0.5170257545324077,0.3101567825464723,0.5441057199421099,0.0,0.684262512066905,0.3257538930937462,0.5410178773764026,0.41587491568844315,0.5355012012693425,0.5353097281845973,0.40539768322016967,0.5722839106484761,0.4465353341279437,0.7914089602902493,0.507641168893799,0.579778642449466,0.7350671478809824,0.6146135659651826,0.3068882946416713,0.6288420988623548,0.24619703288599096,0.27577468506587977,0.49402410146201425,0.47204558997795276,0.41580972874619637,0.5507436541609326,0.43655641778256493,0.3620252295031777,0.38704503759386855,0.4666144803385246,0.406577449970759,0.34291035701208217,0.36478312439823224,0.48609131299251435,0.34458405999827374,0.5489653489657911,0.39969439329644463,0.4780889231905985,0.551767806960878,0.13686945810250387,0.40379349339806464,0.5500821232831876,0.4206591842035449,0.47510523198289223,0.19348813424442873,0.48563420816566755,0.5022631072313744,0.6744899288534585,0.35328809315375986,0.36036966380571256,0.2505053186855233,0.6568634255004369,0.3913924008270807,0.501464279977401,0.12553112433066832,0.41773085249333075,0.4154757987858728,0.6335991994088224,0.41289346110700975,0.340527170137656,0.2872258830888441,0.572986009136819,0.7244696869416887,0.49258843008972575,0.3256179611477015,0.3638457786966732,0.5775938023888488,0.6321559392200586,0.33043965852820106,0.4501197322984075,0.3497188516935632,0.6399570226030659,0.44479972604945683,0.42099524850460257,0.3653670707911525,0.4466284169908876,0.4333250084248795,0.3898945257234,0.30652889300151753,0.616344503409842,0.4001550458712904,0.5617937220916043
1380,0.6006036218392624,0.5932262902798585,0.5596400821967791,0.5557394449831565,0.5603775407191439,0.5973752099760428,0.6798573001055208,0.4732606225174475,0.5580240847568018,0.6459891815607048,0.3977843744371508,0.684262512066905,0.0,0.6029259062820668,0.640950657065923,0.4690170225068524,0.5928916269725792,0.5854664777339602,0.6054982891931486,0.6137465697733354,0.5965700636920781,0.8447790597543116,0.5961068284149369,0.8124477121349718,0.7977415759367421,0.6114646232321044,0.5472211178246241,0.7314344062833625,0.5630040123756571,0.663532240955208,0.7800379326853437,0.49653601098709055,0.5609118628151518,0.5946477355228224,0.6316966982310772,0.5515751906597331,0.7253364774509745,0.5846207604628214,0.5598276059276077,0.5482000772693103,0.6334030130819956,0.5308977152008602,0.6208681312691866,0.866373349894426,0.5930306611699048,0.7427984660560681,0.5998034096471359,0.6949692850304576,0.6116855940930267,0.447587403325567,0.5269324795647139,0.5990138128773763,0.6106912927754817,0.7072699416477006,0.5659100836199303,0.7123648079295759,0.5800409580600165,0.643757382866128,0.6034130290478648,0.7906298748044738,0.7425370714837292,0.847746314550511,0.6492860853987046,0.595474397752027,0.6199556110755274,0.5660760286390619,0.7490584999668692,0.6031456048591732,0.7156972374680325,0.403615552499069,0.7907890870586143,0.6151056869620857,0.6139998715781582,0.5948731017109796,0.7703347801216509,0.5839238652287285,0.6504618543313749,0.561864699788553,0.6566229039860062,0.7113983897963263,0.5763807218363264,0.5781325885937922,0.5070017175561429,0.8388368226058092,0.7472203701197078,0.7463248880756145,0.6520057636182435,0.6238740925905039,0.583113230625772,0.5769237127212667
1386,0.20993966212857731,0.40460306620277986,0.6796168085288752,0.1987737464030138,0.3625082066345753,0.4776304441177039,0.5039293430699288,0.6388567025887977,0.476887383817727,0.5517659096724942,0.4662452314047132,0.3257538930937462,0.6029259062820668,0.0,0.4816852586144762,0.3368352594276307,0.323085330440989,0.24431657631906467,0.4535231250621605,0.43367075343265754,0.340904787424957,0.8544258342837584,0.2084673513392547,0.7270081148647627,0.7519436121996468,0.6479077880452947,0.2754453086523004,0.6791409691283616,0.23328876016721556,0.5496269059778632,0.6751329925416746,0.5231503677080271,0.21741286730046164,0.42713794656399584,0.4834001406444596,0.31178144813465847,0.5831892099949676,0.17082825233575896,0.3397748504355776,0.4223976946154985,0.395371020562607,0.29458501501733525,0.13820731813787018,0.7565413896018818,0.4849556166978126,0.6612696236168747,0.2852830870967576,0.33257510050662326,0.3433621471675114,0.5177118759694248,0.3784941159211034,0.5639583485514835,0.4208499359273239,0.5347268933440116,0.29709740057245626,0.7399612650852658,0.372787295097427,0.42883028621399105,0.4445740930644382,0.7051463919040634,0.6244032592554813,0.7547784464461641,0.3811962029335778,0.1436360843009115,0.35916882039995457,0.5072937064067694,0.6439604679919761,0.19498672118314264,0.5502993186864351,0.38481486444182533,0.7894332124028256,0.47198117879138723,0.4088382020809114,0.22104854138888813,0.6908794829150663,0.5337563935336896,0.39311196832088,0.18647805093034847,0.44149589112769233,0.6704276650625964,0.15235991390068254,0.4929302212059674,0.31461397479429676,0.7220078694914549,0.657304918780159,0.6647619445209605,0.3850677209352737,0.6646775521181995,0.1492246439220924,0.5900000233571239
1431,0.33629510562483705,0.5000629021891663,0.46583184222738216,0.459515077624548,0.31292590438161627,0.5323530219428513,0.6244303487503564,0.6455822466939188,0.3978629664299953,0.61493786875171,0.378647004897251,0.5410178773764026,0.640950657065923,0.4816852586144762,0.0,0.4429553391932464,0.31573770872943685,0.410817377641023,0.4468431625272357,0.3325774195389763,0.24599017079232974,0.7228889897617357,0.3292299031510517,0.8414958831400325,0.670379962635717,0.8191468902745296,0.4551235792728059,0.6081242985500726,0.508729082074261,0.7045383531785137,0.8145660883658566,0.7243274118822223,0.3833109950775191,0.3714095359471878,0.5455464590560324,0.5174407760154666,0.6289278514240799,0.4556833823221093,0.4420536810568215,0.5653724969366962,0.5092434013818685,0.33576199308933025,0.480645483256572,0.7581514353136626,0.6975659453195524,0.8625359351510543,0.36962085001266204,0.5094579047272491,0.3749507904499755,0.5452883517149549,0.4415011134466164,0.6529428645854236,0.5593923086878926,0.6467880846485694,0.329525918454963,0.8208236361872263,0.3857460829042218,0.6240106084044642,0.6146733161054516,0.6972252536648876,0.7635321215536773,0.9360460895268664,0.5920972940035616,0.43028298202505905,0.3594079275384323,0.4313045421959699,0.7824967331027808,0.44325431433612944,0.6919576231888614,0.4944613110528359,0.8692065610791684,0.5330691904607827,0.5055921749843408,0.33807035317718354,0.647177480037456,0.4226954560916415,0.5152503913311455,0.4717523782084097,0.6444743860950557,0.793663358847289,0.4378854357032128,0.5792754706733985,0.4192163879014429,0.8630442621574078,0.8596133785024523,0.8674024634486227,0.5821414405807329,0.6764918335129257,0.48199422104878464,0.5972453838530629
1441,0.32311599856840645,0.29348616435614755,0.5358992333055717,0.24268862322406193,0.24880185663045762,0.3483357069499875,0.588499826361224,0.45724978929099735,0.45230243596470987,0.6364974400238563,0.30603616854561194,0.41587491568844315,0.4690170225068524,0.3368352594276307,0.4429553391932464,0.0,0.35288280273434697,0.34001967830323043,0.35002081145011343,0.40638998593678227,0.2787815372528719,0.8917511509225025,0.3479073981025372,0.7328449317653994,0.8009093832644025,0.6988659085198192,0.3196261149245895,0.6308821992174579,0.3245443057006183,0.6448796610123284,0.7040929886865637,0.49686087398235856,0.3099048986459078,0.4053309512503529,0.383836293406137,0.3954527709575081,0.7343279717011579,0.3372432404260857,0.23321875108498244,0.4572179747238574,0.35506391167381046,0.293803825460443,0.37640164823139605,0.8713188940675185,0.4995660585000321,0.6702481337159176,0.3564777570795112,0.4746179427229793,0.3612727345113475,0.2944452061731354,0.20662031475346043,0.47103911610630184,0.5057810019546466,0.6754475116610414,0.3223596714615945,0.6582233176114944,0.26806445677270274,0.49703978254141823,0.5083120722908727,0.7242701752246525,0.6715678700519947,0.8543263885193492,0.4764172902298041,0.30740754182713315,0.4124994461300936,0.4840003022070165,0.7631959188718827,0.3045444751272054,0.6379901298395677,0.30596206937725146,0.7214882904397174,0.49123703654631423,0.4806512606760911,0.34117162751373775,0.7446235518452087,0.48436913282529315,0.4251376474225997,0.31882179397917554,0.530605679821337,0.647126792358716,0.3312325731327468,0.3946036936442059,0.2373003777383099,0.8553956891806666,0.6643003634903581,0.7211876282081773,0.41713685470418205,0.5414543379093482,0.3186810195488395,0.42629489469063403
1457,0.2779301960820696,0.4624385582033489,0.6449651539849945,0.258490251450006,0.1622147076815863,0.5374484360271956,0.673493840823876,0.600219033855388,0.3293253007960162,0.6988358044407522,0.29728525546273593,0.5355012012693425,0.5928916269725792,0.323085330440989,0.31573770872943685,0.35288280273434697,0.0,0.1823291018642121,0.5004702592309948,0.14108383751684794,0.1718799220718808,0.8567872811197799,0.2208052998570869,0.8971924192431099,0.8170465792898248,0.8179886548194045,0.3823389966601891,0.7735388662948467,0.4131814906395531,0.7420831355052657,0.894964990923886,0.7225158909283513,0.18327861825156735,0.18035810179188372,0.51474369611506,0.4558107608908277,0.6833558298133979,0.2441590695841221,0.32629415692881636,0.5766115556124352,0.49297077424006486,0.10284472753779682,0.300694468706073,0.8583930724771055,0.6924025192463139,0.8550594885264862,0.09042409179520394,0.5353489887971767,0.34396804635169403,0.5123305593656604,0.36851200183542276,0.648556874200903,0.6264589405109583,0.6909356286714788,0.06832951606595149,0.792318779102903,0.34747025094037703,0.6032664403601264,0.6002954201275543,0.8169106242120595,0.818157613186224,0.9395459498043661,0.5892596767048053,0.266926218414175,0.2613672805008037,0.2995773748686178,0.8630033064017606,0.29752601805154477,0.7396085886567232,0.3603942717208341,0.8537039620018143,0.46381813057139476,0.49670518120326074,0.1947637781628957,0.8562458226760483,0.3090800932790009,0.5279199985362746,0.27083373895232044,0.6265335402046072,0.7991894232795596,0.26326396072530955,0.5179612458422864,0.3667678584564281,0.9185953990475458,0.8810742780952756,0.8332751070327744,0.5632789927430888,0.6427562395951465,0.30370574633869996,0.5680051990677598
1466,0.2930152605571034,0.47772374575966675,0.681694289269922,0.14566349275362994,0.2614190122707205,0.5195394216119411,0.7176699002168021,0.640817401640921,0.4257862500672026,0.7187616989874077,0.3777049678882724,0.5353097281845973,0.5854664777339602,0.24431657631906467,0.410817377641023,0.34001967830323043,0.1823291018642121,0.0,0.5285508459569364,0.2665281262051,0.22993878867490058,0.9378023065914505,0.19977430714590724,0.9206605267792978,0.8619551936172287,0.8103347147722181,0.3993977926420513,0.8148841898740533,0.434307495371521,0.7580988847836673,0.8800339397467905,0.7434589241017896,0.21126615032799817,0.2917183793291198,0.5345176602539934,0.4553990440115443,0.7594407043478599,0.11161554260485956,0.35231320227487695,0.6119938321463108,0.5349468064800242,0.1855112136925399,0.28303911471100357,0.9276542811457085,0.7154145567224379,0.8803150741759737,0.11401324639907816,0.551074066512671,0.41990964185464474,0.500181108204523,0.38373389771191113,0.694339291884547,0.631310298423587,0.7186633918844968,0.16599890822274863,0.810394376542575,0.39401885546225246,0.6366724648717327,0.6558985449646141,0.8677458968467247,0.8401458973781935,0.9445571063937576,0.5896676793040634,0.2029336406239423,0.37457662367416267,0.37744859804477365,0.8576256051287463,0.33139122352029865,0.7592446219081073,0.34678378758610695,0.8947019471647648,0.5841481067232538,0.5329708820718974,0.26187722384611795,0.8764510487209427,0.42841438901130674,0.554651824185429,0.1365351889177326,0.6546905146810653,0.8049887218915323,0.2234708149491721,0.5327096852999023,0.41466050157563356,0.9397838867360969,0.8631652636800212,0.8526140918855323,0.5812586704439735,0.6575046790527621,0.15014411267672617,0.5827536385253755
1488,0.3543257202515584,0.16677198982591054,0.5835527413441137,0.4094744519613448,0.36829387878263625,0.24208766363643863,0.3982512781653609,0.43029114122163525,0.48395958431774105,0.49938275646787317,0.4231973665895541,0.40539768322016967,0.6054982891931486,0.4535231250621605,0.4468431625272357,0.35002081145011343,0.5004702592309948,0.5285508459569364,0.0,0.5517983038513262,0.3700330186935328,0.8058323415955493,0.49808503432938384,0.44422960792074395,0.6284669904645527,0.7112371171260985,0.33089853113418866,0.49930870293765817,0.3545475517283562,0.4973620810681123,0.48911008885860924,0.3821099397575719,0.37728329465552507,0.50649145141051,0.3127067910045801,0.424717430220804,0.5148353353969746,0.4891811773404171,0.2484078373416439,0.3980360026282663,0.2175390600076367,0.47209436423206985,0.39210481465599467,0.7180171176638227,0.44018380565261217,0.5557836211739764,0.5455331708228955,0.41006218848095355,0.35201480475914537,0.3947852066321387,0.2765653810505193,0.40544739019692233,0.4607359637397344,0.48235814833493057,0.48487209905783996,0.44454727038851477,0.23219953483683972,0.3820564141089251,0.41597615516630715,0.5026590871574211,0.4695452245607153,0.795060292639488,0.42143840309799596,0.38906261044462487,0.3649554920568528,0.5488120936349892,0.6523019403864826,0.35942663905258865,0.44656375884090077,0.5099914463215638,0.5616934731411944,0.392904478148129,0.360868902944557,0.40237406537422893,0.6302730250707501,0.5288949326341195,0.27682224971223335,0.47260499445383897,0.4100974630429725,0.47853680873650706,0.4516555546976272,0.3218016996644641,0.28070891959408917,0.6630054708967104,0.6283461599592388,0.5946178520415529,0.23477944820069396,0.35750510250360157,0.4345289512370356,0.30748790952035143
1493,0.3505187030251975,0.5220784616402682,0.6592192785954076,0.37960180485587325,0.22352091648291056,0.5561190267746569,0.7271322419684538,0.6486930421653064,0.2995595877031387,0.7198167517124597,0.33905193171864895,0.5722839106484761,0.6137465697733354,0.43367075343265754,0.3325774195389763,0.40638998593678227,0.14108383751684794,0.2665281262051,0.5517983038513262,0.0,0.23947213918067378,0.9051915506321645,0.3267902212884399,0.9477643485910955,0.8643235844986112,0.8335927737702733,0.4510892062580664,0.814675343485914,0.5014651120421036,0.7945444633392869,0.9140363076399842,0.7731036389471205,0.3212959839718229,0.08281428542005097,0.5660717407353915,0.520026092720195,0.7337304198361757,0.3521419917462282,0.42508227610649096,0.617483664288177,0.5446974933834199,0.18543333735360937,0.43640147790208217,0.9057878340815613,0.7460409203908916,0.9078000545199094,0.16112944749860675,0.572355132907612,0.42805492145111523,0.5317019928617723,0.4209540615857629,0.6992379786476897,0.6451295312584195,0.7415075580194643,0.1573406661629816,0.8459571802474809,0.4066630946966424,0.6564393699899511,0.6529162380927407,0.8668791603791682,0.870632221030178,0.9587548479966241,0.6217032829777178,0.390478047003756,0.29009935643358165,0.17725635334095385,0.8839842536734682,0.42965301860326466,0.793246989801301,0.4178554719682356,0.9043869890696858,0.46561793545836216,0.5503435823478386,0.286829347463456,0.8762422023328034,0.21349261053951343,0.5815583996808524,0.3848044637017784,0.6801719413491849,0.8361715829051857,0.3716903443692873,0.58230882915291,0.43461098499680073,0.9691673283955312,0.899744868842737,0.8859124395104669,0.6146070373634203,0.6940842842154779,0.40675530166183893,0.6193332436880914
1496,0.21795853380180985,0.40951835967618777,0.5953596939909835,0.26884074466227664,0.17877082354701207,0.4546434729920717,0.5693872341249623,0.5672799360430569,0.3756409771712206,0.5635517721975076,0.310291587408591,0.4465353341279437,0.5965700636920781,0.340904787424957,0.24599017079232974,0.2787815372528719,0.1718799220718808,0.22993878867490058,0.3700330186935328,0.23947213918067378,0.0,0.8815505689388423,0.26261555073867116,0.7687684589070036,0.7748209225338456,0.813692111125478,0.36175081188028796,0.6822685425823708,0.36800953428620525,0.6595999229484376,0.7402819890563026,0.6691680852034975,0.23207191000913632,0.3131157446609257,0.46934653504265084,0.4342518791216269,0.6049639813673903,0.2960593462015474,0.31976746364181546,0.5282468337849355,0.4485904605122435,0.20243091925724638,0.35627449597162614,0.8177950235025466,0.6352646949785578,0.802970705132926,0.22246165370067317,0.44653711145862335,0.27412734288637286,0.46795184015531177,0.31565275319171743,0.5959151047573381,0.5509801025263802,0.619178590316348,0.1850742687205838,0.7565961293345513,0.2985139107858509,0.5707424743376367,0.5728717858714247,0.6924613333454814,0.6933172299099333,0.9011073943217498,0.5397685080386483,0.28769452613965873,0.31935344634145074,0.38735111067445804,0.7599492670586993,0.29668731607202725,0.6226027957729957,0.3864008679610926,0.8111490032839417,0.482388769931986,0.455884566761365,0.21978889011773248,0.750777250906767,0.3695865791255229,0.4602559373323666,0.32671737844100396,0.587180574883801,0.734320239517552,0.2993110083641511,0.4892884425062516,0.3239821510268681,0.8372445999276927,0.7999693912613113,0.8157124250605025,0.5174546332513518,0.6106866552886392,0.31830043885561726,0.5288477052253618
1512,0.8196012528420791,0.7563838335856705,0.5928512955598619,0.8956839330131001,0.8580774740258286,0.8663569289886303,0.6872803787983764,0.7033464121191872,0.8477779014203656,0.752900998667619,0.8629936535270868,0.7914089602902493,0.8447790597543116,0.8544258342837584,0.7228889897617357,0.8917511509225025,0.8567872811197799,0.9378023065914505,0.8058323415955493,0.9051915506321645,0.8815505689388423,0.0,0.7865070814271614,0.5411989411073264,0.7294361378201267,0.7636611740863157,0.7712470726144618,0.7617581015774466,0.8048297444547969,0.6750489620772719,0.8083770074493186,0.7551404502038241,0.8333040258627903,0.9139556586028725,0.5644981934861395,0.7734911506824627,0.6514867650202077,0.8601566236892365,0.7746508436787234,0.7033704731591683,0.6714213375949788,0.9104250408462566,0.7722400387958135,0.49236209703015776,0.7815219720051461,0.632315693302358,0.9437144533368733,0.801235994352901,0.7704534648200462,0.8342184819568994,0.8528033692029667,0.769231642677632,0.7888687689674632,0.530217558655674,0.9130044719995876,0.43177869260648993,0.7699995844456489,0.6085405086016691,0.6949775364874657,0.6785116962272588,0.7146227436598088,0.7998867375760775,0.7733450851238519,0.8916583638823301,0.7808427848240209,0.9345679895254624,0.7825616451796733,0.7920746712063911,0.6463217727771708,0.8072040432638827,0.404309036694204,0.8225600474676025,0.7023190991983588,0.842773060688601,0.7400877340137788,0.9061666238071628,0.5869436566827092,0.8882746524907965,0.5681344880008512,0.8372025131179084,0.7790985772665235,0.7253191813690893,0.7722734680745937,0.5819981560168989,0.8152836926412275,0.7132435208102462,0.7952526880771096,0.7600972355835833,0.8818683640435978,0.8127852745180291
1552,0.3323558592343038,0.4600533333017379,0.5660154873919087,0.17526160734608676,0.31189978036451305,0.5062997311337635,0.6636708229738979,0.6292817296355643,0.466721518931039,0.6935166944186418,0.4465511401905622,0.507641168893799,0.5961068284149369,0.2084673513392547,0.3292299031510517,0.3479073981025372,0.2208052998570869,0.19977430714590724,0.49808503432938384,0.3267902212884399,0.26261555073867116,0.7865070814271614,0.0,0.8832114217021303,0.7764798407846961,0.7893940097229489,0.4056798892053702,0.7065582456656476,0.40759289847838687,0.7376421121239931,0.8550650288560188,0.7089905366020511,0.22926296435218857,0.3881795680233806,0.5125021951142231,0.4202628524869893,0.6995522243064836,0.16869054521477006,0.33580319134315256,0.5545048485740693,0.4782431136608549,0.27187930395228294,0.2531794000229529,0.7963698137821602,0.678072811296352,0.8453542548215255,0.23288717837426895,0.5073061737445741,0.3319097892387358,0.5045048065726789,0.3600702115097055,0.6429530578305693,0.5935601566955602,0.6814227972132199,0.235744013250017,0.7847920558266201,0.36052518264187544,0.5922912483723001,0.5728722113988918,0.7632017979264846,0.8026641119356381,0.9035900099064385,0.5642142661401127,0.17984084646571466,0.4213253220033951,0.4642767608633851,0.827977145885574,0.27718220921163467,0.731424888870783,0.34915027306477525,0.8437520799352078,0.6179616841612683,0.5635574401174039,0.289661395199457,0.7679790828172961,0.4837210253760775,0.5197362987503344,0.19444953310015,0.6128267052107343,0.7808736297910103,0.16999127960741828,0.5212785130579005,0.35777356757361983,0.9058912685157515,0.8452364443548014,0.8360980988445634,0.5606264118978159,0.6743605980275627,0.19503882130425654,0.5918207727236384
