,1035,1072,1133,1163,1167,1244,1314,1343,1347,1351,1365,1368,1380,1386,1431,1441,1457,1466,1488,1493,1496,1512,1552,1560,1574,1585,1607,1608,1630,1639,1650,1655,1661,1667,1730,1758,1774,1799,1806,1818,1822,1825,1864,1871,1876,1913,1972,1973,2024,2028,2074,2088,2104,2108,2118,2137,3003,3011,3012,3021,3022,3024,3031,3036,3040,3046,3048,3049,3052,3053,3059,3060,3063,3068,3073,3080,3086,3087,3090,3128,3162,3173,3191,3201,3213,3217,3222,8223,8288,8876
1035,0.0,0.39918860203670675,0.5031578788660744,0.365354501270449,0.3203500880362792,0.36373572107314156,0.3306659044819881,0.49995063542674845,0.36184263362613633,0.581428359194176,0.3707439331011053,0.34958265616741874,0.5272627463643581,0.2312529125023764,0.3373404360252144,0.33692859166879985,0.2321392155449703,0.3664085911154483,0.2647063211338346,0.30563034203747186,0.18146448578455293,0.4588622568985671,0.24375308764830275,0.5002487756361071,0.27420102340071706,0.6836172596126888,0.3182777522852675,0.42204073206538006,0.4743644437937473,0.3768789960801088,0.5587462235575604,0.4217005358833805,0.46777729246867084,0.5099319446637258,0.4505652250634868,0.5910069048849274,0.2633145356430568,0.2551550756628165,0.3180145338817352,0.45156122455077147,0.26666241074708996,0.3500502693939206,0.4638758499927532,0.46312582274765135,0.3546396455614329,0.5285428921046731,0.29028612286971667,0.31272683150509045,0.20566104347835587,0.5681787092629076,0.4970883474739636,0.4853269651757101,0.4178203681067345,0.30110247394326417,0.23092120316987733,0.5063591026609788,0.24808086144081573,0.26523194100957254,0.3711935971600493,0.4114784633321943,0.3856049678764462,0.32755931287138107,0.27109332753191095,0.1318485107943531,0.11319405055207032,0.3946886171972581,0.4038617691143417,0.15732421707137093,0.6319396106615,0.6429429336470229,0.4084680644985013,0.3615170729482686,0.29487184480389655,0.36027100497526116,0.4270776699413368,0.30062400474315293,0.21345869257948524,0.30536737830834576,0.3435363579020475,0.48293666696705073,0.1942768884570507,0.5486615852738232,0.31866791385312765,0.5215267850511649,0.6010552475514709,0.6657681704042051,0.5395239998202428,0.567584372136746,0.1745185360173656,0.5594216962733666
1072,0.39918860203670675,0.0,0.47659985292462503,0.4913991197252966,0.29074067610084986,0.3422781798150892,0.4015278272056304,0.2724743550418617,0.27975078413175924,0.2675683585617314,0.3007559811212951,0.3283415416727381,0.4345004853650259,0.20187793228043377,0.5456645903071695,0.20601355107875302,0.4577515682450942,0.44843262223238267,0.32968441947629823,0.44939492268634507,0.39524039618778556,0.226067997817267,0.5062339494927823,0.5308634423863944,0.4468342094446554,0.3395318381484318,0.18131993757186163,0.46951813366019735,0.21624821166501074,0.4027908732264828,0.3750490285525395,0.4473995286773606,0.2198458776503478,0.29587454684274184,0.4786343758260566,0.4193491227106184,0.29748213976961047,0.4596887241042102,0.32707814970007587,0.1895252073878222,0.17442630634180853,0.2693372244074706,0.2919008503875376,0.32150257514153535,0.25239201433002784,0.23437734855491715,0.40874739937126475,0.21724554005870622,0.44199222990477804,0.541716693608414,0.26654674799174277,0.27770227203462505,0.18136235584967877,0.4646817673508372,0.3494440152278361,0.3404899039128241,0.3685316270570216,0.22933134027345514,0.17161695235520047,0.4779817838895991,0.43382497418625776,0.3555411161299393,0.30962922732463644,0.40735590300685337,0.3464279558126091,0.222250463868987,0.27140018362434554,0.39973731476559626,0.3284375238949235,0.6467625614169483,0.2882489327671569,0.2330474086042115,0.2738423193161667,0.23187617849658654,0.48058363015079675,0.2861561191117554,0.2921165755212078,0.37411394226133676,0.323599067300105,0.3691961502028721,0.4201782607220817,0.2837802930472088,0.17552607722999872,0.5026022283551284,0.3604197911382117,0.35615410734702035,0.27604401507848486,0.2073737055396699,0.34615878332548244,0.19549800158991146
1133,0.5031578788660744,0.47659985292462503,0.0,0.5862245486759846,0.5127338373577728,0.46877512917531305,0.5256408940274756,0.5018816299929291,0.546547810753951,0.5762707501071228,0.5239836155569508,0.5270064937766927,0.4815582437385342,0.5234895197203845,0.5420846183442771,0.4969233083289731,0.4643127425571987,0.5774571228720122,0.4059637818971368,0.5000234709228077,0.451198327589178,0.5630505416208574,0.501236018831926,0.6047034097163362,0.5863894548799318,0.5936144348566839,0.5237142294642418,0.48462985604813325,0.5807588892735615,0.5509623858344266,0.6267848034445606,0.548956276991706,0.5566537263833957,0.5981506700906651,0.4347089845641735,0.5522282909208689,0.519971042436125,0.518978116379522,0.4192321187842102,0.5192164644431769,0.5020089680554105,0.5075072199908689,0.5252594261302833,0.6125832767399937,0.5232423287540888,0.5898875379240851,0.5445585546128595,0.5210054754891716,0.525645033175193,0.4554913711114658,0.5733629446127507,0.5173487996052195,0.5056521552520323,0.5614216869673505,0.5038242331397179,0.5404337744535361,0.5141912765167522,0.5045011012870293,0.542354351442795,0.5599131434178412,0.5392092191605097,0.542287663763617,0.5622743589738346,0.5028175060247477,0.4896253590245947,0.5380785704968573,0.5594289652590705,0.4566886584332288,0.6058491464116922,0.5577281939707651,0.5015303159268294,0.5543198800039344,0.4849380638387378,0.5361794021081067,0.5224501905546124,0.5724886942385456,0.5246502161997825,0.5443596956339244,0.5428912149784115,0.5681097700067661,0.519689341443985,0.5638817550172467,0.5247169330039573,0.6042276394402997,0.6272473968662766,0.6663983637510864,0.5558223166532072,0.5451060550570229,0.5098893685277147,0.5136943566851726
1163,0.365354501270449,0.4913991197252966,0.5862245486759846,0.0,0.22923635317755658,0.3723013766868484,0.6360536377239003,0.623709384954496,0.33441991862625775,0.6168468556039319,0.28923551284299487,0.4366521032031542,0.49163005198990517,0.45483631185379414,0.5213156873434969,0.35737984998549893,0.41328907503473883,0.14132394487275202,0.4668838842711079,0.18529900215405212,0.40746517284894146,0.47267187992317816,0.4512526295402086,0.7644566116393045,0.32144430481839503,0.6609127726207625,0.5047405833336323,0.6791250581793322,0.5770026254908663,0.30922604422496014,0.6807302440374516,0.7088695914288516,0.4921787503275199,0.5038991466523789,0.5726298909160377,0.6073980093963551,0.44702591511087775,0.4358682297368244,0.3599715529172505,0.5122818375581067,0.4525591745608296,0.35386178205990515,0.4483553808764209,0.6852090670443507,0.5652301852610611,0.6679279430578082,0.17278126039191982,0.5333088748449059,0.49222919095363094,0.4588606858095068,0.4913530206163235,0.5918586505530162,0.5796463324341583,0.6286078398922107,0.20154848198967246,0.6187494066634551,0.48514675492694453,0.549471312875939,0.5360509719147655,0.6954225434711092,0.7002914301365954,0.4606746769839775,0.40429682923366894,0.40629417857815986,0.33966379389828,0.3846027632927229,0.4656504955821601,0.4357913622538978,0.6636784912082458,0.46870717633415077,0.6533421239563463,0.39643224464632093,0.4802393453927368,0.5353180185417364,0.7442449691739054,0.31341807824117995,0.459923583995031,0.14670654962089164,0.47064031570001896,0.4683496225270406,0.2674148732638245,0.5754006455012824,0.5495446915579159,0.8035364049992311,0.7237305116173669,0.6998406014907158,0.5643627761945895,0.5557796503091578,0.27323667010715447,0.5530284609138725
1167,0.3203500880362792,0.29074067610084986,0.5127338373577728,0.22923635317755658,0.0,0.35787989109774254,0.5121726520239307,0.440188253488041,0.1445059240591223,0.48441944391196534,0.15476110722049574,0.29094875188126973,0.4543405637183559,0.3212014569880675,0.45362388264593023,0.21741856989068925,0.36986097525383327,0.19225870132703046,0.41443344662225245,0.20679385532464784,0.31200589664495254,0.3231808340451764,0.44314510189513723,0.6815617321597875,0.23159090300021626,0.5157662771027027,0.342039505305093,0.5888153050969318,0.4060764496121538,0.21098797086317694,0.5298302218268054,0.5868305644081737,0.35124430230741366,0.3687350861159049,0.5646799449635272,0.4883030529228633,0.2941737468792576,0.3903098578362223,0.38666215027860373,0.3718846505358353,0.2739631213640445,0.22148395582675223,0.3088448096922069,0.5061763606906159,0.38454807814440245,0.4883792039204034,0.19409496126675224,0.35634805535953074,0.4380091104547591,0.5208092396684849,0.3522763278641773,0.4142691592678892,0.4041723633039573,0.5610869600803756,0.17141086076480588,0.47350745381078535,0.33926234206006445,0.36281489443017456,0.35343272440910456,0.6165190815384242,0.5746378670269331,0.2888357675624649,0.22959362426066016,0.3662644940481611,0.2910432281348122,0.2396088851771165,0.3268872188492373,0.34553015870150877,0.5216158404612394,0.582950623608032,0.4463239216826419,0.24744081449937017,0.28716871302226255,0.3687499837325066,0.6048424101627077,0.14323837266261666,0.3327249348509991,0.19198589136263688,0.37474934337384974,0.3327145617196269,0.24515336656433034,0.4534738258006753,0.37495851908246114,0.6409169166157203,0.5585951530862754,0.5599158585841191,0.4330953231691109,0.4014488796820399,0.2616215785506728,0.3882848570261528
1244,0.36373572107314156,0.3422781798150892,0.46877512917531305,0.3723013766868484,0.35787989109774254,0.0,0.48413766812097003,0.4066470425875389,0.4152427321313128,0.4105097735536183,0.4162989111740673,0.30146486243853166,0.3396034856488997,0.37509138828352595,0.5758622567594234,0.29751213001758825,0.4599117401841444,0.4045192562727963,0.2888205573089693,0.3739338475071759,0.40621375397319215,0.4757107350820387,0.4560721855916529,0.5365969793055456,0.4841202011992791,0.5073444450438953,0.42758943696389023,0.5091794178504553,0.48780389675892877,0.3323051652081586,0.43006796227712407,0.4628735066743164,0.4749043945844328,0.5345964229057885,0.42716650830648795,0.4175167899432844,0.3844060914240344,0.4918733038983888,0.23512855051954093,0.3547940957493082,0.4096679131643063,0.33695890964310105,0.36104521426441,0.5758948235795991,0.3541276549267586,0.4668456104695358,0.3506100912221879,0.3763758283327381,0.4577408165204262,0.3749587809703604,0.5131061364019855,0.3744539087131845,0.39872611593647905,0.5421290683812521,0.3108883169654496,0.36272622280355504,0.5024310170075781,0.42380127393586947,0.4117281089099305,0.551051561374128,0.50371041657774,0.35362084797811555,0.4247299139770621,0.39263948511371194,0.3145043310043291,0.4258893505215442,0.43985156226894523,0.4313117472921133,0.48791727881082714,0.5556377994200481,0.46709923160372835,0.4362667500020931,0.35425283150227904,0.4649182934387328,0.5545417252128393,0.43020424685029723,0.3810722612916605,0.32026685153578854,0.37896719279883395,0.39281189438360187,0.389946067192881,0.5023194723519957,0.45407897733186925,0.6468417067536145,0.4681198468940748,0.5969728489447881,0.3606645554114013,0.4300631412121715,0.31573648358960926,0.40399351248903753
1314,0.3306659044819881,0.4015278272056304,0.5256408940274756,0.6360536377239003,0.5121726520239307,0.48413766812097003,0.0,0.4573719071505603,0.5709352170905071,0.5625059185809624,0.531316682833464,0.45364277433312006,0.5886615188843833,0.38400808853991775,0.5045390151510927,0.4957184027473353,0.44451014149296575,0.6289275098473466,0.33180622891038447,0.5801859655300532,0.3809812435104869,0.518202605034811,0.45095106546440494,0.34245215417581887,0.49253661371089547,0.6692515647631427,0.41572727247710767,0.35868478539575815,0.4914792327766283,0.5492715703736537,0.449646615090043,0.27052909217598964,0.5262385831577108,0.6077028577385405,0.45991610777756037,0.5883534408590894,0.33700227003405214,0.4747289301900354,0.44221713203732643,0.45535400442700524,0.3586782871983331,0.551640944189742,0.5412040152368105,0.40710886571710386,0.33616056527644744,0.4730100697703237,0.5614425321800292,0.27971000456799416,0.2866175138838144,0.6893014626409069,0.5767590871742494,0.4706212792189832,0.3954893751005426,0.26548952554120775,0.5079746729435259,0.44313123119775644,0.3953821286313709,0.227385030509011,0.3987519535792525,0.31337327008543825,0.1438747201373922,0.4549201760903921,0.3995290182505653,0.3503181136807171,0.34647337743968887,0.5296989291184975,0.4880675221738586,0.32381249882317314,0.6175001255481574,0.780395717837912,0.35040253561868595,0.4926877674640015,0.38337208465692046,0.41368202249796,0.3151706028227811,0.4823827037721399,0.2799212139314544,0.5523434510989566,0.3761880383015341,0.6072909891425053,0.4851167684727229,0.5174589258410826,0.35017394266856705,0.2372349339994233,0.5243142835846111,0.5683559296440583,0.5192254123085849,0.5395101397845061,0.4402196399229809,0.5324011758470355
1343,0.49995063542674845,0.2724743550418617,0.5018816299929291,0.623709384954496,0.440188253488041,0.4066470425875389,0.4573719071505603,0.0,0.47520585690222333,0.2917475079661451,0.4318366955399014,0.29705725860380927,0.40481319290695583,0.3408289736323372,0.6285698607906829,0.40154302122021246,0.5825160455071303,0.5789874796324586,0.43397728588858103,0.5864854590088593,0.5191476400913899,0.32113320099360193,0.6038644744728026,0.4553352429665031,0.49330065554493613,0.33867322751431006,0.35076067452853554,0.507915347357114,0.36273637272634884,0.39922087642518783,0.2754514359592779,0.3285525736016808,0.40374605716646766,0.4862931782978373,0.5588572753202947,0.34212865969346906,0.31557073396569746,0.5599293069633553,0.38436148844543067,0.2903812154766321,0.3062539255649753,0.33837102641866323,0.2783507145623144,0.44556308093962316,0.23976437435854434,0.2424561103768496,0.5419660304826976,0.2534846916233578,0.5186429216757936,0.5279045462833349,0.4507893509922385,0.18955177189692676,0.2539605447559163,0.5093995456439775,0.4939800867772177,0.2937672061581156,0.4312400352959264,0.29815466050708106,0.3071045650950234,0.49731977477602374,0.42446583486959655,0.308172296344324,0.4227376768337221,0.5122241410190553,0.4246419616878159,0.3977333627872923,0.3944182619330593,0.42929989205271657,0.28601879549972425,0.661457922546393,0.28741146599346273,0.3733191461444062,0.28918548969104463,0.3857004905626445,0.42112574462850005,0.40377296114692685,0.36247377569025296,0.49162511428060335,0.3605117323573075,0.3415638042229202,0.5327186381965625,0.3647513940743847,0.3106138610601822,0.48192299847200204,0.29778175791896544,0.45283347986223976,0.27821707984612365,0.32494950809378653,0.4674586576028494,0.315596531709876
1347,0.36184263362613633,0.27975078413175924,0.546547810753951,0.33441991862625775,0.1445059240591223,0.4152427321313128,0.5709352170905071,0.47520585690222333,0.0,0.43562131847509167,0.17049917856637664,0.34516247037121034,0.4956762156074618,0.29149715311094604,0.48745884763952063,0.17849216909531807,0.41220846969474895,0.23261041586075248,0.47891948603880485,0.2574600456326407,0.36177059213979,0.33387216881062476,0.4762456067227178,0.7310997854915011,0.3075236138146642,0.4801557168655785,0.2873839857570874,0.6545343645666801,0.35620193419442775,0.2859707653674213,0.5551481421757797,0.6440834333837271,0.2935477968472695,0.28497854187046157,0.6168257991373605,0.5199895911004857,0.3620726327212609,0.42369301951905525,0.4565885718362186,0.3308846658052448,0.2583826548226154,0.21116284429897686,0.3480295511167674,0.42394931083223475,0.4099202586271924,0.4718131300793183,0.23553906234840652,0.3819740782963716,0.46239275163069427,0.5322491898305868,0.2897680679573631,0.42209247771179464,0.3686489437903212,0.5819001482497497,0.2167844679738915,0.5429714742933578,0.37814166686250783,0.4109992890395409,0.3376971278794929,0.6779039880997926,0.6334991303894422,0.3173624232193613,0.19104672111427343,0.3742918779157367,0.34637577167526495,0.21247761733336282,0.3055264694035108,0.42602200673420887,0.48645943693230054,0.5658488613679588,0.5029797283849715,0.2202941372031643,0.3119022423936778,0.31232350332128367,0.6656815064990502,0.16863589718575311,0.39649391224223474,0.2681342494029253,0.4342668868643544,0.34466404027168207,0.2872401498225623,0.4489205143533198,0.33542109292502087,0.6851288686213887,0.5047994225033591,0.5287212277277463,0.40709492099682304,0.39359296908392694,0.3089359626402315,0.36893764762726067
1351,0.581428359194176,0.2675683585617314,0.5762707501071228,0.6168468556039319,0.48441944391196534,0.4105097735536183,0.5625059185809624,0.2917475079661451,0.43562131847509167,0.0,0.4079706398883786,0.26700598062708614,0.3690905266660567,0.38129235826066776,0.7649151534835588,0.3604849177728203,0.6873932176905488,0.5384015138973087,0.5516481815768762,0.6296260524572075,0.6087676081651411,0.2547113685897028,0.7418232183284102,0.5873290789504604,0.5960561140075477,0.11951686630243835,0.29842054110067284,0.6255357538755242,0.2790037100830947,0.3207344263591134,0.2665806560483369,0.4561981220192841,0.277682239419594,0.32996301566990893,0.6669149172163626,0.24693301724464017,0.41304265801089923,0.6780247675433996,0.5201727838199177,0.16765433318936385,0.37799405937309094,0.30293538222655114,0.24069064944667637,0.3609660910681409,0.314719460511572,0.20620897298417604,0.6131818209909827,0.33964089232532946,0.6606323809720994,0.5184764012049956,0.27707962380807893,0.2038395215045719,0.21838827614223347,0.6213819999985203,0.5643518579663425,0.40102657093065514,0.5472943634817681,0.42435560611194134,0.2667445650895409,0.5894110666147477,0.4944503777117706,0.29992497266774,0.4202448469088314,0.6127735594807006,0.5307616701729669,0.26997425299027067,0.24302116405458077,0.5490973424526066,0.13015309846866197,0.6994642895086456,0.4005139166198836,0.2886462718696661,0.34616726635081063,0.345563588152905,0.49405196873994944,0.4442069469259441,0.483809829905418,0.48760643049521435,0.43335706463109647,0.2647870290568256,0.6440402654032237,0.38846667938734414,0.3871916955218452,0.5511071545315581,0.18249298115069054,0.37682139947608195,0.16761092356040594,0.18644063736347793,0.5556624764069988,0.18636248907949413
1365,0.3707439331011053,0.3007559811212951,0.5239836155569508,0.28923551284299487,0.15476110722049574,0.4162989111740673,0.531316682833464,0.4318366955399014,0.17049917856637664,0.4079706398883786,0.0,0.2972570486280739,0.3995746677010168,0.31548973383225365,0.5155232663074276,0.2062584797505982,0.43390092888423937,0.20520038695735549,0.4753592445155091,0.2992784075742216,0.37776009094061713,0.2743264886984431,0.5161495862765031,0.7041285503790692,0.32769008399941446,0.4246373977797002,0.31226850995336664,0.6349417084471961,0.3828045387376249,0.2219029693457038,0.5158161542494258,0.5873554014536599,0.2802161014790413,0.2751890301572581,0.6122370662016732,0.4477194947342532,0.3333274883316846,0.43214329326883394,0.4478059310367295,0.313641016714515,0.2601163316728367,0.1900021815391564,0.27675658868817254,0.49271439650221327,0.3928771719543759,0.4706146142056621,0.27831785302633494,0.36117615234656764,0.48610186719075243,0.4820000041759972,0.26552774386076516,0.4105402631860655,0.3828385449342873,0.5833588091387314,0.2484093420715543,0.5166543270032199,0.3700976338072227,0.37282462820090684,0.33856116071027825,0.6358426855117061,0.5889671021091969,0.3147095713901644,0.23608839701537626,0.41038739115974576,0.32225667482553433,0.1806255741343518,0.25661758041436955,0.3954684013180081,0.4672402650570229,0.5663895818370266,0.490599416967592,0.18422038925868975,0.32093689120660807,0.3264418723842861,0.6338032189763488,0.17160011869156067,0.3697146286281713,0.2206194143859302,0.37976577271575185,0.2996959031743404,0.330690992297931,0.3802532671161148,0.36829935953762993,0.643123657129971,0.5177302384665486,0.49040482232519667,0.3571783629035007,0.3408672924727293,0.313981763597358,0.3309244767995182
1368,0.34958265616741874,0.3283415416727381,0.5270064937766927,0.4366521032031542,0.29094875188126973,0.30146486243853166,0.45364277433312006,0.29705725860380927,0.34516247037121034,0.26700598062708614,0.2972570486280739,0.0,0.30424927681500447,0.295360374806775,0.5397327710284925,0.2957486590854458,0.49526067795878836,0.3945543565905084,0.41837421686439485,0.4522574647311737,0.41474475951799167,0.28132386928676745,0.5187752756003705,0.5654249298812799,0.39576548811063234,0.3549326816928835,0.2992696311233426,0.5522921141010193,0.3840042031100974,0.17822996545103328,0.31370349157586064,0.42161291604658024,0.33838145689532817,0.3701183275912963,0.5702352575894789,0.2636037455369748,0.2317159694193057,0.4809524005879082,0.4200792356974402,0.21056939620861137,0.2593868675901227,0.19371981356059567,0.141818303085934,0.44832795863081576,0.2383241156886038,0.3528191658455938,0.41833251996363097,0.23189554508627924,0.45738086510106746,0.48089743701784116,0.3588174627300987,0.20660877710639686,0.26422848050812314,0.5137600263287733,0.36408333833204,0.383452919076001,0.3554154665537561,0.3147037358192526,0.2790437578904907,0.5568484559566156,0.46687693363051974,0.11874409312054254,0.26235267516585814,0.40165585779755275,0.3003271966535981,0.2625890143072847,0.22143339509813587,0.32080503020456175,0.31710715676588086,0.6579593015129872,0.39260287843117614,0.23430632001117743,0.1707276118794271,0.3393684217047641,0.4794459433435905,0.3039861017804135,0.28733342671525103,0.30036433617649555,0.2777069289230796,0.16311560345332618,0.43362344283571014,0.45509281043855065,0.37071905394944993,0.5463265741743037,0.3083812353641052,0.5011956576542798,0.20293273384609586,0.34953383027704443,0.3554868704001581,0.3338587713262034
1380,0.5272627463643581,0.4345004853650259,0.4815582437385342,0.49163005198990517,0.4543405637183559,0.3396034856488997,0.5886615188843833,0.40481319290695583,0.4956762156074618,0.3690905266660567,0.3995746677010168,0.30424927681500447,0.0,0.5118780419614835,0.6863678180488897,0.4452729229550879,0.5976317124754446,0.47685355306823185,0.49178059611928543,0.5037697733721096,0.535701082092733,0.45008964009435054,0.6368154659536475,0.6724513872544884,0.564123360929231,0.3943780264866056,0.5054013919275137,0.6426717634510686,0.5277243913396712,0.3459617506329,0.4770598834734527,0.5149132275634235,0.48313510539863913,0.5000272121773491,0.626251282368237,0.3130912885063159,0.4819003181166675,0.5891243662225483,0.4366727772120753,0.3669630806488997,0.4935895283208777,0.3557049793196674,0.2838016004826862,0.6515927695106032,0.45527318038371944,0.525459148578342,0.519683484795499,0.4564478711844151,0.5994459609291489,0.3897920670226015,0.48565543362265967,0.35584786154593145,0.4343800575373049,0.6474131233894082,0.4865088565175464,0.4543380445066802,0.5666748537882143,0.5148102574032616,0.49868012750136204,0.6536194442689414,0.6073791700288099,0.3998977110750183,0.5157693819762236,0.5604246472722614,0.47354197427376754,0.44322452529478434,0.4646837766369344,0.4891061299884495,0.4287680155557734,0.5526576694282572,0.5566370228890262,0.48567424458213737,0.4367403601939332,0.5074471027788201,0.6236298639803124,0.5055048165875743,0.4957844310177881,0.43570501836735165,0.4674597582343075,0.30989787702575067,0.546083007922236,0.5217243221975895,0.5228106149859593,0.7198368081068598,0.467237048069374,0.5812263502989288,0.2834558151356874,0.44245720984262427,0.4756972276401581,0.42116523923727456
1386,0.2312529125023764,0.20187793228043377,0.5234895197203845,0.45483631185379414,0.3212014569880675,0.37509138828352595,0.38400808853991775,0.3408289736323372,0.29149715311094604,0.38129235826066776,0.31548973383225365,0.295360374806775,0.5118780419614835,0.0,0.4776931730563652,0.2182880219439016,0.40287570505322245,0.38420326425440743,0.3283642710521538,0.40081909865460985,0.3328872142933464,0.3178260066679752,0.3700934069598988,0.5549105613080245,0.3517059024513798,0.46583110627084356,0.12539221530581507,0.4820765102735892,0.2585410535833553,0.40080561474442516,0.41291167960257746,0.44169483678238775,0.25457566783083974,0.32124158157661187,0.48992908606902996,0.48588990452774883,0.27167592306181365,0.3819737644876438,0.35780019898091187,0.26360989865732387,0.1254242632610889,0.26691096756882254,0.33986232058424315,0.30903327422210825,0.22583551385515366,0.33688737440729477,0.3465757276862881,0.1904822436078968,0.3251205926822221,0.5734514408850537,0.3093990102291767,0.32644673341175795,0.22937774900788413,0.3759871447545618,0.2856521529572493,0.4404947439412761,0.285984588546928,0.19238590700045782,0.18169474588693812,0.4843499766693904,0.42323807127044266,0.2994945268976754,0.22921230148345895,0.2520013727071506,0.23457543272094478,0.2819279237014177,0.28718755098414694,0.3240690596804022,0.4280530476100607,0.6428562714963197,0.3336395680472999,0.23371711333740608,0.24455530716032628,0.173805730809723,0.4625963230893284,0.2622098734485064,0.2155005867626154,0.3322670523046516,0.328183411629589,0.406280507995227,0.3121924401099899,0.3503630872240382,0.15906362931335652,0.4950693634240053,0.40584858285890096,0.46434212559627674,0.3574495039438181,0.3591368417700316,0.24610474209796132,0.3527114734341343
1431,0.3373404360252144,0.5456645903071695,0.5420846183442771,0.5213156873434969,0.45362388264593023,0.5758622567594234,0.5045390151510927,0.6285698607906829,0.48745884763952063,0.7649151534835588,0.5155232663074276,0.5397327710284925,0.6863678180488897,0.4776931730563652,0.0,0.5350270296672202,0.22489322768491588,0.5530431029549766,0.3941361442727128,0.43991711786140886,0.2534899284708043,0.5838520358816796,0.2542310214693563,0.6530303192825787,0.4196981441764689,0.8168505602297154,0.5081073172307221,0.4624812312947705,0.6203975353339914,0.5487881396616225,0.7599983799433389,0.6454746762085671,0.6009615454132755,0.6255522011848071,0.48749732821317066,0.7638122278466358,0.4324272109041761,0.31082573782715067,0.4765472704811218,0.6481720089168712,0.4254244877087277,0.5437764713178703,0.6028155763573455,0.5932033955074706,0.564885548879178,0.6949958834640495,0.4318236109468876,0.5337220992661944,0.36737464382145063,0.7180075552996688,0.6259221778117238,0.6576993808832237,0.6013703134065436,0.42055873348002526,0.4076155321527975,0.6402019344321019,0.3552924909937979,0.4720638713822057,0.5607278195747489,0.5675646663546465,0.5877853502872581,0.5142631670697155,0.45700888568487036,0.3649967166885949,0.37923192482925894,0.5327297315204642,0.5890169098086568,0.3291671625067131,0.7801175812637497,0.7214287918986366,0.5351772714589553,0.5129041000697951,0.4603469690872366,0.5524129561259592,0.5613796220730392,0.4322661739925054,0.457213760355614,0.5183726285808726,0.520871109430525,0.6383770850952194,0.3445110572645213,0.7192858962288087,0.48175783595417104,0.6527574787569255,0.7939615154998368,0.8434259910734184,0.7295647543632136,0.6937903028232502,0.41584426828906285,0.6853066410809839
1441,0.33692859166879985,0.20601355107875302,0.4969233083289731,0.35737984998549893,0.21741856989068925,0.29751213001758825,0.4957184027473353,0.40154302122021246,0.17849216909531807,0.3604849177728203,0.2062584797505982,0.2957486590854458,0.4452729229550879,0.2182880219439016,0.5350270296672202,0.0,0.4166626751353661,0.2964128597465878,0.38241616065449474,0.3303132589474327,0.358794898249508,0.2792746396669622,0.4209237384092412,0.6613302619095358,0.40950098368369425,0.4176325555511762,0.2375288079236107,0.5755856506415961,0.3131022905151284,0.33364598767315795,0.4776567884697319,0.5646300296360908,0.2394632614675882,0.2657928507849981,0.49727749252580117,0.46779906534383964,0.34980301931586566,0.4311541645282041,0.3548068244923865,0.2499836481836613,0.2015165078750879,0.19252822746996207,0.28505481747950423,0.39813504738535976,0.339608189156278,0.39581072931433536,0.3102886536883458,0.3060582814171481,0.4256536227214266,0.4932877150875819,0.24442421142510304,0.3587795850012116,0.30538247738123814,0.5470697159304047,0.2458572043490097,0.46780208645021626,0.37211865096708613,0.34436791347282025,0.26186363364388643,0.6033946019661591,0.561555752640731,0.33679322839950804,0.2363633805766713,0.33429025505510945,0.30529918993708105,0.19399437172914125,0.28860777028253193,0.42173092103267606,0.4133352667058252,0.5635188423293271,0.4391801465038865,0.22136542642828633,0.2739222688195915,0.283992720496493,0.6019983179274554,0.22729681981368535,0.32617783288193625,0.2532189258059934,0.3731439184484697,0.3355974259025585,0.3424745985843304,0.3738864326160086,0.2762955683617453,0.610268748137501,0.43904942846872896,0.45826194448418744,0.3302409346814797,0.2981335861460364,0.27777335331973574,0.2737811799271443
1457,0.2321392155449703,0.4577515682450942,0.4643127425571987,0.41328907503473883,0.36986097525383327,0.4599117401841444,0.44451014149296575,0.5825160455071303,0.41220846969474895,0.6873932176905488,0.43390092888423937,0.49526067795878836,0.5976317124754446,0.40287570505322245,0.22489322768491588,0.4166626751353661,0.0,0.43408580805598207,0.2820695254117883,0.3573297472244302,0.10983397795168082,0.48932723044318327,0.17215377485622738,0.6026705738338611,0.365467423877912,0.7455130207106627,0.4536603824225762,0.41539878579210066,0.5800561784134766,0.47997647874447447,0.6626061189307513,0.5825720338196042,0.5279425882576982,0.5529564356101377,0.422657456519594,0.6956365397077248,0.3510927983129366,0.14199504840274063,0.37902528238422417,0.5780644651229683,0.3843435885126243,0.41966260458278865,0.5284030812143038,0.594075688213674,0.5404842238758885,0.6529914425415517,0.34090267185110285,0.4905082955580309,0.2353299874425699,0.6226528747219388,0.5505623914014506,0.6203772715845681,0.5577421816598823,0.3390859741598166,0.3054750204530391,0.5535288605492779,0.22838560585725434,0.40406052470404574,0.5361217284898407,0.48541645038093584,0.5274491570219071,0.4958413415537005,0.4325105369235741,0.2829998431591033,0.3022873285803389,0.4628815442695384,0.5278051704680233,0.25887601718857844,0.7369673043503681,0.6428112316121273,0.49410040944946887,0.4807071165473352,0.4452936271583875,0.5094281087341888,0.556838542689484,0.33112929695817506,0.35721898076527003,0.402233491685528,0.41782298869719103,0.5606292780398268,0.23207386717752623,0.6003556938620513,0.3814699565653219,0.6360356754852106,0.7728279747021475,0.7580753077337208,0.6503229875302365,0.6241042606371127,0.24881836418931957,0.616980540496546
1466,0.3664085911154483,0.44843262223238267,0.5774571228720122,0.14132394487275202,0.19225870132703046,0.4045192562727963,0.6289275098473466,0.5789874796324586,0.23261041586075248,0.5384015138973087,0.20520038695735549,0.3945543565905084,0.47685355306823185,0.38420326425440743,0.5530431029549766,0.2964128597465878,0.43408580805598207,0.0,0.521976381623622,0.1755608935454205,0.3827958210628645,0.4073815713587657,0.4807408358077501,0.801637977721491,0.3183043368217554,0.5509548284614039,0.43394300799216895,0.7254301742644227,0.5020223049439598,0.2619311387243973,0.6380933836567422,0.7044011506852739,0.39447856038981033,0.3691803924422524,0.6163015270273529,0.5350477261284925,0.4311802712361705,0.45105085279626655,0.41943215110310234,0.45799789489232323,0.4080381881736904,0.2705993577692222,0.39309317268670163,0.614273722372719,0.5311360079871026,0.6321149034564082,0.13340393923684835,0.4914081013843329,0.5032746166152233,0.47597813582575943,0.36663428826993044,0.556789920595451,0.5223652599974224,0.6432137041637638,0.18159043691409005,0.6195266460807121,0.4320667888781181,0.5092837468747312,0.4864057608849804,0.7378729191604642,0.6899690260358151,0.39351263581104845,0.33971018079660426,0.36565588320671305,0.34004379388162764,0.3209326214424649,0.37817717988802707,0.45187358103230807,0.5994474800118237,0.48903434543645374,0.6239009945249879,0.33222224488863916,0.44132370795415454,0.43291517906862276,0.7219098607942633,0.2419484939178121,0.4488489283724598,0.14626329710372077,0.46407446772448463,0.3877468972559378,0.2717920258735083,0.5093436397530504,0.49473388095549387,0.7673703999093069,0.6544136358803907,0.6337633138099253,0.5011095844828771,0.49842833895078276,0.2596644344020994,0.49081010371025924
1488,0.2647063211338346,0.32968441947629823,0.4059637818971368,0.4668838842711079,0.41443344662225245,0.2888205573089693,0.33180622891038447,0.43397728588858103,0.47891948603880485,0.5516481815768762,0.4753592445155091,0.41837421686439485,0.49178059611928543,0.3283642710521538,0.3941361442727128,0.38241616065449474,0.2820695254117883,0.521976381623622,0.0,0.4182555697176451,0.27169354239169724,0.47825323982607065,0.28817329666909064,0.40857161995681424,0.41414019134083724,0.6478494710621703,0.3909901715704338,0.2841385852178234,0.4967503848730884,0.47498083464715946,0.48404999966927537,0.4281631245896902,0.5083829012271899,0.5841431303373226,0.29695276124538256,0.5660686275669065,0.2969893354183964,0.3118196038420564,0.22148400997673834,0.4321040890789959,0.32713984826475656,0.42473846313369673,0.48259323538457954,0.5272560217661402,0.38838916173423804,0.47816198915315544,0.4204876977197395,0.35515549190331863,0.24743734467268877,0.5136726340316757,0.5622777754225319,0.45871879729187937,0.4171729659503275,0.33281329506825597,0.358780929867286,0.38475915364567725,0.3466766483097028,0.2834078805924093,0.4117063195226407,0.3433419124726407,0.3627754997777476,0.45381062816671053,0.4454976332500986,0.2968505548204654,0.27469573005165676,0.47702666552274314,0.4785747966548944,0.2724887548951714,0.6013784126715759,0.6350732777146099,0.3256287840450007,0.4560455314555597,0.3586926822162919,0.45829337760965727,0.4517974978529531,0.4210299634496825,0.28595062389456427,0.4340031271218439,0.33711354869699506,0.5370231583949665,0.29744546206262173,0.5074790452637928,0.3258915496900051,0.5356507130062337,0.6066869403539029,0.6279218657906943,0.5078191513964272,0.5006491758170153,0.3026018201363829,0.49096250223719234
1493,0.30563034203747186,0.44939492268634507,0.5000234709228077,0.18529900215405212,0.20679385532464784,0.3739338475071759,0.5801859655300532,0.5864854590088593,0.2574600456326407,0.6296260524572075,0.2992784075742216,0.4522574647311737,0.5037697733721096,0.40081909865460985,0.43991711786140886,0.3303132589474327,0.3573297472244302,0.1755608935454205,0.4182555697176451,0.0,0.3204631594959289,0.5053566331225648,0.3907251736589149,0.7229937288133894,0.2821861512754698,0.6489004442430606,0.43763038538867327,0.6314431695790452,0.5501810348227558,0.3469847175011319,0.7064394786864829,0.6629994556234502,0.4886401237416757,0.4911907461265878,0.5372208120133705,0.6194230872054673,0.4196636753133173,0.3997627291907828,0.3491145809219869,0.5270906772909372,0.38870667283838245,0.34064100968885797,0.47242359625832175,0.593162729169274,0.5403048882101961,0.6490939437094347,0.1272541624109068,0.5024645517318326,0.4375078643742165,0.516630347544859,0.47936349228015934,0.5947982754827861,0.5224305897838193,0.5828356626729227,0.13754422286851525,0.5859884631752662,0.41783506318003283,0.48201394433986344,0.5277892889928999,0.662272314926039,0.6525708885880599,0.42974193955589224,0.33917173308586696,0.3389599452732212,0.2679870715374668,0.38847809309266856,0.4704071212307007,0.38671788136870877,0.6688076130056468,0.5188878121104035,0.5705250657664955,0.41145593178640577,0.41481933920665487,0.4728730672573567,0.6833718629862603,0.31081461533980775,0.4271072079093411,0.24500884234785886,0.48865794980118626,0.48407987767585436,0.2038264016437473,0.6142038527641243,0.47851823535232196,0.7472135064481207,0.6934577508153144,0.7255743066434804,0.5910343659069976,0.5706850012136184,0.24412214335433416,0.5521431399784671
1496,0.18146448578455293,0.39524039618778556,0.451198327589178,0.40746517284894146,0.31200589664495254,0.40621375397319215,0.3809812435104869,0.5191476400913899,0.36177059213979,0.6087676081651411,0.37776009094061713,0.41474475951799167,0.535701082092733,0.3328872142933464,0.2534899284708043,0.358794898249508,0.10983397795168082,0.3827958210628645,0.27169354239169724,0.3204631594959289,0.0,0.4379767516850777,0.22942215621361958,0.5835593923949715,0.30208649601724424,0.6695345087879183,0.3767166648092386,0.4218540043200809,0.4954892637149791,0.4180883197717111,0.5845816023648096,0.5337020867415493,0.4494481802863893,0.48432415645395477,0.45402054633650313,0.6149941900924927,0.2955998006381092,0.16957704639404958,0.3576297566389427,0.4996272469751676,0.316766990230148,0.34945129382095735,0.4567854966366511,0.5461792908760921,0.4660355023374516,0.5867601327314468,0.2961403068268003,0.42387356141693305,0.23568332768006323,0.6043691693899318,0.47426811784527756,0.5441170876089135,0.47323901320933726,0.3241342863952611,0.2633302344503857,0.5138655143332642,0.20654707684504492,0.3582341671287505,0.45930967918700266,0.4739488115920729,0.45149680493191857,0.4245015098481712,0.3640680041305324,0.22721481870366134,0.2579007227779284,0.38983548174790184,0.43654775732561524,0.2048211211318414,0.6553366899431364,0.6442624535233629,0.4570388904369002,0.4036333742896775,0.3745078962449766,0.430961315759379,0.4934872628887378,0.2764551542928051,0.32028460436558615,0.34997767047133804,0.382245066017482,0.48850913942073226,0.2201171232972758,0.5706412700759302,0.3465484687343442,0.5746753221496117,0.6897621900188011,0.7056309308877489,0.577650838015662,0.5562610459750588,0.2039070043072227,0.5452451501213115
1512,0.4588622568985671,0.226067997817267,0.5630505416208574,0.47267187992317816,0.3231808340451764,0.4757107350820387,0.518202605034811,0.32113320099360193,0.33387216881062476,0.2547113685897028,0.2743264886984431,0.28132386928676745,0.45008964009435054,0.3178260066679752,0.5838520358816796,0.2792746396669622,0.48932723044318327,0.4073815713587657,0.47825323982607065,0.5053566331225648,0.4379767516850777,0.0,0.5688705698066372,0.6109129281900886,0.42922728186514986,0.26621803188832177,0.2832399285047781,0.628973977689231,0.3103158666250879,0.2955999412210712,0.379616719175012,0.5003294358841811,0.24723899746122047,0.2526706012490034,0.6357944404133451,0.40924356872917034,0.2450493293373163,0.47165283862852153,0.46580132902803467,0.21254644853160998,0.2673925626286594,0.20926844702671557,0.21001755045389786,0.37727036680696724,0.30619957475226256,0.2737088157931175,0.4666392741591248,0.27824478907710126,0.4997135323489478,0.5488949597261514,0.21268359135786263,0.3305325844729063,0.27541082471113953,0.5378468080590919,0.42420897156419757,0.4108697641035728,0.35780577005539393,0.3512874126583103,0.20845808173131403,0.5776275096104604,0.5145831146709586,0.2947884591370886,0.3463005567389642,0.48932209019788536,0.40496645323445934,0.16873860502752625,0.2091699536744998,0.3720895410528822,0.29373972167830154,0.6891563285909245,0.38054233462727705,0.20581733596755658,0.26544544932199066,0.34169754925529283,0.5598961461776553,0.2633935929369799,0.3521062281275933,0.35704433289899584,0.29055746052083725,0.23986035224165675,0.4618422907922385,0.3258459223700506,0.2949636882676021,0.5978619478038207,0.3597356675332857,0.3964049411549766,0.29996775877347537,0.1938754743618313,0.3770312302247679,0.20551460592293663
